@BASIS_SET 3-21G*

@ATOMBASIS NA
S 3 1
5.476130000000e+02  6.749110000000e-02
8.206780000000e+01  3.935050000000e-01
1.769170000000e+01  6.656050000000e-01
S 3 1
1.754070000000e+01 -1.119370000000e-01
3.793980000000e+00  2.546540000000e-01
9.064410000000e-01  8.444170000000e-01
P 3 1
1.754070000000e+01  1.282330000000e-01
3.793980000000e+00  4.715330000000e-01
9.064410000000e-01  6.042730000000e-01
S 2 1
5.018240000000e-01 -2.196600000000e-01
6.094580000000e-02  1.089120000000e+00
P 2 1
5.018240000000e-01  9.066500000000e-03
6.094580000000e-02  9.972020000000e-01
S 1 1
2.443490000000e-02  1.000000000000e+00
P 1 1
2.443490000000e-02  1.000000000000e+00
D 1 1
1.750000000000e-01  1.000000000000e+00
@END

@ATOMBASIS MG
S 3 1
6.528410000000e+02  6.759820000000e-02
9.838050000000e+01  3.917780000000e-01
2.129960000000e+01  6.666610000000e-01
S 3 1
2.337270000000e+01 -1.102460000000e-01
5.199530000000e+00  1.841190000000e-01
1.315080000000e+00  8.963990000000e-01
P 3 1
2.337270000000e+01  1.210140000000e-01
5.199530000000e+00  4.628100000000e-01
1.315080000000e+00  6.069070000000e-01
S 2 1
6.113490000000e-01 -3.611010000000e-01
1.418410000000e-01  1.215050000000e+00
P 2 1
6.113490000000e-01  2.426330000000e-02
1.418410000000e-01  9.866730000000e-01
S 1 1
4.640110000000e-02  1.000000000000e+00
P 1 1
4.640110000000e-02  1.000000000000e+00
D 1 1
1.750000000000e-01  1.000000000000e+00
@END

@ATOMBASIS AL
S 3 1
7.757370000000e+02  6.683470000000e-02
1.169520000000e+02  3.890610000000e-01
2.533260000000e+01  6.694680000000e-01
S 3 1
2.947960000000e+01 -1.079020000000e-01
6.633140000000e+00  1.462450000000e-01
1.726750000000e+00  9.237300000000e-01
P 3 1
2.947960000000e+01  1.175740000000e-01
6.633140000000e+00  4.611740000000e-01
1.726750000000e+00  6.055350000000e-01
S 2 1
9.461600000000e-01 -3.203270000000e-01
2.025060000000e-01  1.184120000000e+00
P 2 1
9.461600000000e-01  5.193830000000e-02
2.025060000000e-01  9.726600000000e-01
S 1 1
6.390880000000e-02  1.000000000000e+00
P 1 1
6.390880000000e-02  1.000000000000e+00
D 1 1
3.250000000000e-01  1.000000000000e+00
@END

@ATOMBASIS SI
S 3 1
9.106550000000e+02  6.608230000000e-02
1.373360000000e+02  3.862290000000e-01
2.976010000000e+01  6.723800000000e-01
S 3 1
3.667160000000e+01 -1.045110000000e-01
8.317290000000e+00  1.074100000000e-01
2.216450000000e+00  9.514460000000e-01
P 3 1
3.667160000000e+01  1.133550000000e-01
8.317290000000e+00  4.575780000000e-01
2.216450000000e+00  6.074270000000e-01
S 2 1
1.079130000000e+00 -3.761080000000e-01
3.024220000000e-01  1.251650000000e+00
P 2 1
1.079130000000e+00  6.710300000000e-02
3.024220000000e-01  9.568830000000e-01
S 1 1
9.333920000000e-02  1.000000000000e+00
P 1 1
9.333920000000e-02  1.000000000000e+00
D 1 1
4.500000000000e-01  1.000000000000e+00
@END

@ATOMBASIS P
S 3 1
1.054900000000e+03  6.554100000000e-02
1.591950000000e+02  3.840360000000e-01
3.453040000000e+01  6.745410000000e-01
S 3 1
4.428660000000e+01 -1.021300000000e-01
1.010190000000e+01  8.159200000000e-02
2.739970000000e+00  9.697880000000e-01
P 3 1
4.428660000000e+01  1.108510000000e-01
1.010190000000e+01  4.564950000000e-01
2.739970000000e+00  6.069360000000e-01
S 2 1
1.218650000000e+00 -3.714950000000e-01
3.955460000000e-01  1.270990000000e+00
P 2 1
1.218650000000e+00  9.158200000000e-02
3.955460000000e-01  9.349240000000e-01
S 1 1
1.228110000000e-01  1.000000000000e+00
P 1 1
1.228110000000e-01  1.000000000000e+00
D 1 1
5.500000000000e-01  1.000000000000e+00
@END

@ATOMBASIS S
S 3 1
1.210620000000e+03  6.500700000000e-02
1.827470000000e+02  3.820400000000e-01
3.966730000000e+01  6.765450000000e-01
S 3 1
5.222360000000e+01 -1.003100000000e-01
1.196290000000e+01  6.508800000000e-02
3.289110000000e+00  9.814550000000e-01
P 3 1
5.222360000000e+01  1.096460000000e-01
1.196290000000e+01  4.576490000000e-01
3.289110000000e+00  6.042610000000e-01
S 2 1
1.223840000000e+00 -2.860890000000e-01
4.573030000000e-01  1.228060000000e+00
P 2 1
1.223840000000e+00  1.647770000000e-01
4.573030000000e-01  8.708550000000e-01
S 1 1
1.422690000000e-01  1.000000000000e+00
P 1 1
1.422690000000e-01  1.000000000000e+00
D 1 1
6.500000000000e-01  1.000000000000e+00
@END

@ATOMBASIS CL
S 3 1
1.376400000000e+03  6.458270000000e-02
2.078570000000e+02  3.803630000000e-01
4.515540000000e+01  6.781900000000e-01
S 3 1
6.080140000000e+01 -9.876390000000e-02
1.397650000000e+01  5.113380000000e-02
3.887100000000e+00  9.913370000000e-01
P 3 1
6.080140000000e+01  1.085980000000e-01
1.397650000000e+01  4.586820000000e-01
3.887100000000e+00  6.019620000000e-01
S 2 1
1.352990000000e+00 -2.224010000000e-01
5.269550000000e-01  1.182520000000e+00
P 2 1
1.352990000000e+00  2.192160000000e-01
5.269550000000e-01  8.223210000000e-01
S 1 1
1.667140000000e-01  1.000000000000e+00
P 1 1
1.667140000000e-01  1.000000000000e+00
D 1 1
7.500000000000e-01  1.000000000000e+00
@END

@ATOMBASIS AR
S 3 1
1.553710000000e+03  6.417070000000e-02
2.346780000000e+02  3.787970000000e-01
5.101210000000e+01  6.797520000000e-01
S 3 1
7.004530000000e+01 -9.746610000000e-02
1.614730000000e+01  3.905690000000e-02
4.534920000000e+00  9.999160000000e-01
P 3 1
7.004530000000e+01  1.076190000000e-01
1.614730000000e+01  4.595760000000e-01
4.534920000000e+00  6.000410000000e-01
S 2 1
1.542090000000e+00 -1.768660000000e-01
6.072670000000e-01  1.146900000000e+00
P 2 1
1.542090000000e+00  2.556870000000e-01
6.072670000000e-01  7.898420000000e-01
S 1 1
1.953730000000e-01  1.000000000000e+00
P 1 1
1.953730000000e-01  1.000000000000e+00
D 1 1
8.500000000000e-01  1.000000000000e+00
@END
55edbc808d8f2f6a7079ce35a53c2656