@BASIS_SET 3-21G

@ATOMBASIS H
S 2 1
5.447178000000e+00  1.562850000000e-01
8.245470000000e-01  9.046910000000e-01
S 1 1
1.831920000000e-01  1.000000000000e+00
@END

@ATOMBASIS HE
S 2 1
1.362670000000e+01  1.752300000000e-01
1.999350000000e+00  8.934830000000e-01
S 1 1
3.829930000000e-01  1.000000000000e+00
@END

@ATOMBASIS LI
S 3 1
3.683820000000e+01  6.966860000000e-02
5.481720000000e+00  3.813460000000e-01
1.113270000000e+00  6.817020000000e-01
S 2 1
5.402050000000e-01 -2.631270000000e-01
1.022550000000e-01  1.143390000000e+00
P 2 1
5.402050000000e-01  1.615460000000e-01
1.022550000000e-01  9.156630000000e-01
S 1 1
2.856500000000e-02  1.000000000000e+00
P 1 1
2.856500000000e-02  1.000000000000e+00
@END

@ATOMBASIS BE
S 3 1
7.188760000000e+01  6.442630000000e-02
1.072890000000e+01  3.660960000000e-01
2.222050000000e+00  6.959340000000e-01
S 2 1
1.295480000000e+00 -4.210640000000e-01
2.688810000000e-01  1.224070000000e+00
P 2 1
1.295480000000e+00  2.051320000000e-01
2.688810000000e-01  8.825280000000e-01
S 1 1
7.735000000000e-02  1.000000000000e+00
P 1 1
7.735000000000e-02  1.000000000000e+00
@END

@ATOMBASIS B
S 3 1
1.164340000000e+02  6.296050000000e-02
1.743140000000e+01  3.633040000000e-01
3.680160000000e+00  6.972550000000e-01
S 2 1
2.281870000000e+00 -3.686620000000e-01
4.652480000000e-01  1.199440000000e+00
P 2 1
2.281870000000e+00  2.311520000000e-01
4.652480000000e-01  8.667640000000e-01
S 1 1
1.243280000000e-01  1.000000000000e+00
P 1 1
1.243280000000e-01  1.000000000000e+00
@END

@ATOMBASIS C
S 3 1
1.722560000000e+02  6.176690000000e-02
2.591090000000e+01  3.587940000000e-01
5.533350000000e+00  7.007130000000e-01
S 2 1
3.664980000000e+00 -3.958970000000e-01
7.705450000000e-01  1.215840000000e+00
P 2 1
3.664980000000e+00  2.364600000000e-01
7.705450000000e-01  8.606190000000e-01
S 1 1
1.958570000000e-01  1.000000000000e+00
P 1 1
1.958570000000e-01  1.000000000000e+00
@END

@ATOMBASIS N
S 3 1
2.427660000000e+02  5.986570000000e-02
3.648510000000e+01  3.529550000000e-01
7.814490000000e+00  7.065130000000e-01
S 2 1
5.425220000000e+00 -4.133010000000e-01
1.149150000000e+00  1.224420000000e+00
P 2 1
5.425220000000e+00  2.379720000000e-01
1.149150000000e+00  8.589530000000e-01
S 1 1
2.832050000000e-01  1.000000000000e+00
P 1 1
2.832050000000e-01  1.000000000000e+00
@END

@ATOMBASIS O
S 3 1
3.220370000000e+02  5.923940000000e-02
4.843080000000e+01  3.515000000000e-01
1.042060000000e+01  7.076580000000e-01
S 2 1
7.402940000000e+00 -4.044530000000e-01
1.576200000000e+00  1.221560000000e+00
P 2 1
7.402940000000e+00  2.445860000000e-01
1.576200000000e+00  8.539550000000e-01
S 1 1
3.736840000000e-01  1.000000000000e+00
P 1 1
3.736840000000e-01  1.000000000000e+00
@END

@ATOMBASIS F
S 3 1
4.138010000000e+02  5.854830000000e-02
6.224460000000e+01  3.493080000000e-01
1.343400000000e+01  7.096320000000e-01
S 2 1
9.777590000000e+00 -4.073270000000e-01
2.086170000000e+00  1.223140000000e+00
P 2 1
9.777590000000e+00  2.466800000000e-01
2.086170000000e+00  8.523210000000e-01
S 1 1
4.823830000000e-01  1.000000000000e+00
P 1 1
4.823830000000e-01  1.000000000000e+00
@END

@ATOMBASIS NE
S 3 1
5.157240000000e+02  5.814300000000e-02
7.765380000000e+01  3.479510000000e-01
1.681360000000e+01  7.107140000000e-01
S 2 1
1.248300000000e+01 -4.099220000000e-01
2.664510000000e+00  1.224310000000e+00
P 2 1
1.248300000000e+01  2.474600000000e-01
2.664510000000e+00  8.517430000000e-01
S 1 1
6.062500000000e-01  1.000000000000e+00
P 1 1
6.062500000000e-01  1.000000000000e+00
@END

@ATOMBASIS NA
S 3 1
5.476130000000e+02  6.749110000000e-02
8.206780000000e+01  3.935050000000e-01
1.769170000000e+01  6.656050000000e-01
S 3 1
1.754070000000e+01 -1.119370000000e-01
3.793980000000e+00  2.546540000000e-01
9.064410000000e-01  8.444170000000e-01
P 3 1
1.754070000000e+01  1.282330000000e-01
3.793980000000e+00  4.715330000000e-01
9.064410000000e-01  6.042730000000e-01
S 2 1
5.018240000000e-01 -2.196600000000e-01
6.094580000000e-02  1.089120000000e+00
P 2 1
5.018240000000e-01  9.066500000000e-03
6.094580000000e-02  9.972020000000e-01
S 1 1
2.443490000000e-02  1.000000000000e+00
P 1 1
2.443490000000e-02  1.000000000000e+00
@END

@ATOMBASIS MG
S 3 1
6.528410000000e+02  6.759820000000e-02
9.838050000000e+01  3.917780000000e-01
2.129960000000e+01  6.666610000000e-01
S 3 1
2.337270000000e+01 -1.102460000000e-01
5.199530000000e+00  1.841190000000e-01
1.315080000000e+00  8.963990000000e-01
P 3 1
2.337270000000e+01  1.210140000000e-01
5.199530000000e+00  4.628100000000e-01
1.315080000000e+00  6.069070000000e-01
S 2 1
6.113490000000e-01 -3.611010000000e-01
1.418410000000e-01  1.215050000000e+00
P 2 1
6.113490000000e-01  2.426330000000e-02
1.418410000000e-01  9.866730000000e-01
S 1 1
4.640110000000e-02  1.000000000000e+00
P 1 1
4.640110000000e-02  1.000000000000e+00
@END

@ATOMBASIS AL
S 3 1
7.757370000000e+02  6.683470000000e-02
1.169520000000e+02  3.890610000000e-01
2.533260000000e+01  6.694680000000e-01
S 3 1
2.947960000000e+01 -1.079020000000e-01
6.633140000000e+00  1.462450000000e-01
1.726750000000e+00  9.237300000000e-01
P 3 1
2.947960000000e+01  1.175740000000e-01
6.633140000000e+00  4.611740000000e-01
1.726750000000e+00  6.055350000000e-01
S 2 1
9.461600000000e-01 -3.203270000000e-01
2.025060000000e-01  1.184120000000e+00
P 2 1
9.461600000000e-01  5.193830000000e-02
2.025060000000e-01  9.726600000000e-01
S 1 1
6.390880000000e-02  1.000000000000e+00
P 1 1
6.390880000000e-02  1.000000000000e+00
@END

@ATOMBASIS SI
S 3 1
9.106550000000e+02  6.608230000000e-02
1.373360000000e+02  3.862290000000e-01
2.976010000000e+01  6.723800000000e-01
S 3 1
3.667160000000e+01 -1.045110000000e-01
8.317290000000e+00  1.074100000000e-01
2.216450000000e+00  9.514460000000e-01
P 3 1
3.667160000000e+01  1.133550000000e-01
8.317290000000e+00  4.575780000000e-01
2.216450000000e+00  6.074270000000e-01
S 2 1
1.079130000000e+00 -3.761080000000e-01
3.024220000000e-01  1.251650000000e+00
P 2 1
1.079130000000e+00  6.710300000000e-02
3.024220000000e-01  9.568830000000e-01
S 1 1
9.333920000000e-02  1.000000000000e+00
P 1 1
9.333920000000e-02  1.000000000000e+00
@END

@ATOMBASIS P
S 3 1
1.054900000000e+03  6.554100000000e-02
1.591950000000e+02  3.840360000000e-01
3.453040000000e+01  6.745410000000e-01
S 3 1
4.428660000000e+01 -1.021300000000e-01
1.010190000000e+01  8.159200000000e-02
2.739970000000e+00  9.697880000000e-01
P 3 1
4.428660000000e+01  1.108510000000e-01
1.010190000000e+01  4.564950000000e-01
2.739970000000e+00  6.069360000000e-01
S 2 1
1.218650000000e+00 -3.714950000000e-01
3.955460000000e-01  1.270990000000e+00
P 2 1
1.218650000000e+00  9.158200000000e-02
3.955460000000e-01  9.349240000000e-01
S 1 1
1.228110000000e-01  1.000000000000e+00
P 1 1
1.228110000000e-01  1.000000000000e+00
@END

@ATOMBASIS S
S 3 1
1.210620000000e+03  6.500700000000e-02
1.827470000000e+02  3.820400000000e-01
3.966730000000e+01  6.765450000000e-01
S 3 1
5.222360000000e+01 -1.003100000000e-01
1.196290000000e+01  6.508800000000e-02
3.289110000000e+00  9.814550000000e-01
P 3 1
5.222360000000e+01  1.096460000000e-01
1.196290000000e+01  4.576490000000e-01
3.289110000000e+00  6.042610000000e-01
S 2 1
1.223840000000e+00 -2.860890000000e-01
4.573030000000e-01  1.228060000000e+00
P 2 1
1.223840000000e+00  1.647770000000e-01
4.573030000000e-01  8.708550000000e-01
S 1 1
1.422690000000e-01  1.000000000000e+00
P 1 1
1.422690000000e-01  1.000000000000e+00
@END

@ATOMBASIS CL
S 3 1
1.376400000000e+03  6.458270000000e-02
2.078570000000e+02  3.803630000000e-01
4.515540000000e+01  6.781900000000e-01
S 3 1
6.080140000000e+01 -9.876390000000e-02
1.397650000000e+01  5.113380000000e-02
3.887100000000e+00  9.913370000000e-01
P 3 1
6.080140000000e+01  1.085980000000e-01
1.397650000000e+01  4.586820000000e-01
3.887100000000e+00  6.019620000000e-01
S 2 1
1.352990000000e+00 -2.224010000000e-01
5.269550000000e-01  1.182520000000e+00
P 2 1
1.352990000000e+00  2.192160000000e-01
5.269550000000e-01  8.223210000000e-01
S 1 1
1.667140000000e-01  1.000000000000e+00
P 1 1
1.667140000000e-01  1.000000000000e+00
@END

@ATOMBASIS AR
S 3 1
1.553710000000e+03  6.417070000000e-02
2.346780000000e+02  3.787970000000e-01
5.101210000000e+01  6.797520000000e-01
S 3 1
7.004530000000e+01 -9.746610000000e-02
1.614730000000e+01  3.905690000000e-02
4.534920000000e+00  9.999160000000e-01
P 3 1
7.004530000000e+01  1.076190000000e-01
1.614730000000e+01  4.595760000000e-01
4.534920000000e+00  6.000410000000e-01
S 2 1
1.542090000000e+00 -1.768660000000e-01
6.072670000000e-01  1.146900000000e+00
P 2 1
1.542090000000e+00  2.556870000000e-01
6.072670000000e-01  7.898420000000e-01
S 1 1
1.953730000000e-01  1.000000000000e+00
P 1 1
1.953730000000e-01  1.000000000000e+00
@END

@ATOMBASIS K
S 3 1
1.721175500000e+03  6.487470000000e-02
2.600163300000e+02  3.808593000000e-01
5.662455400000e+01  6.773681000000e-01
S 3 1
7.155720000000e+01 -1.093429000000e-01
1.543894000000e+01  1.130640000000e-01
4.474551000000e+00  9.462575000000e-01
P 3 1
7.155720000000e+01  1.339654000000e-01
1.543894000000e+01  5.302673000000e-01
4.474551000000e+00  5.117992000000e-01
S 3 1
4.121275000000e+00 -2.699730000000e-01
1.188621000000e+00  3.646323000000e-01
3.756740000000e-01  8.107533000000e-01
P 3 1
4.121275000000e+00  1.994922000000e-02
1.188621000000e+00  4.340213000000e-01
3.756740000000e-01  6.453226000000e-01
S 2 1
2.445770000000e-01 -2.688250000000e-01
3.897200000000e-02  1.128983000000e+00
P 2 1
2.445770000000e-01  3.081035000000e-04
3.897200000000e-02  9.998787000000e-01
S 1 1
1.606300000000e-02  1.000000000000e+00
P 1 1
1.606300000000e-02  1.000000000000e+00
@END

@ATOMBASIS CA
S 3 1
1.915434800000e+03  6.462400000000e-02
2.895332400000e+02  3.798380000000e-01
6.310635200000e+01  6.783290000000e-01
S 3 1
8.039744000000e+01 -1.093030000000e-01
1.733075000000e+01  1.089000000000e-01
5.083624000000e+00  9.492770000000e-01
P 3 1
8.039744000000e+01  1.354330000000e-01
1.733075000000e+01  5.372220000000e-01
5.083624000000e+00  5.018040000000e-01
S 3 1
4.782229000000e+00 -2.816070000000e-01
1.462558000000e+00  3.410510000000e-01
4.792230000000e-01  8.381040000000e-01
P 3 1
4.782229000000e+00  1.900900000000e-02
1.462558000000e+00  4.360380000000e-01
4.792230000000e-01  6.386710000000e-01
S 2 1
4.396820000000e-01 -2.697050000000e-01
5.913000000000e-02  1.113293000000e+00
P 2 1
4.396820000000e-01  3.080000000000e-04
5.913000000000e-02  9.998960000000e-01
S 1 1
2.389700000000e-02  1.000000000000e+00
P 1 1
2.389700000000e-02  1.000000000000e+00
@END

@ATOMBASIS SC
S 3 1
2.119887000000e+03  6.442100000000e-02
3.204299000000e+02  3.791600000000e-01
6.989893000000e+01  6.789630000000e-01
S 3 1
8.976450000000e+01 -1.093840000000e-01
1.938510000000e+01  1.050700000000e-01
5.731423000000e+00  9.522050000000e-01
P 3 1
8.976450000000e+01  1.363280000000e-01
1.938510000000e+01  5.418600000000e-01
5.731423000000e+00  4.950550000000e-01
S 3 1
5.491938000000e+00 -2.852110000000e-01
1.743742000000e+00  3.241550000000e-01
5.662270000000e-01  8.565920000000e-01
P 3 1
5.491938000000e+00  1.761400000000e-02
1.743742000000e+00  4.336450000000e-01
5.662270000000e-01  6.425510000000e-01
S 2 1
5.168020000000e-01 -2.626780000000e-01
6.721400000000e-02  1.108079000000e+00
P 2 1
5.168020000000e-01  3.270000000000e-04
6.721400000000e-02  9.998930000000e-01
S 1 1
2.598500000000e-02  1.000000000000e+00
P 1 1
2.598500000000e-02  1.000000000000e+00
D 2 1
5.722215000000e+00  2.652360000000e-01
1.360849000000e+00  8.558610000000e-01
D 1 1
3.226520000000e-01  1.000000000000e+00
@END

@ATOMBASIS TI
S 3 1
2.335020000000e+03  6.421700000000e-02
3.530441000000e+02  3.784120000000e-01
7.705845000000e+01  6.796810000000e-01
S 3 1
9.957387000000e+01 -1.094720000000e-01
2.154671000000e+01  1.019430000000e-01
6.413965000000e+00  9.546220000000e-01
P 3 1
9.957387000000e+01  1.372970000000e-01
2.154671000000e+01  5.458750000000e-01
6.413965000000e+00  4.890680000000e-01
S 3 1
6.238279000000e+00 -2.861370000000e-01
1.996108000000e+00  3.218280000000e-01
6.464900000000e-01  8.595510000000e-01
P 3 1
6.238279000000e+00  1.923700000000e-02
1.996108000000e+00  4.404420000000e-01
6.464900000000e-01  6.356200000000e-01
S 2 1
5.732850000000e-01 -2.424500000000e-01
7.311900000000e-02  1.100075000000e+00
P 2 1
5.732850000000e-01  2.920000000000e-04
7.311900000000e-02  9.999070000000e-01
S 1 1
2.653800000000e-02  1.000000000000e+00
P 1 1
2.653800000000e-02  1.000000000000e+00
D 2 1
7.083666000000e+00  2.629210000000e-01
1.709634000000e+00  8.557720000000e-01
D 1 1
4.141230000000e-01  1.000000000000e+00
@END

@ATOMBASIS V
S 3 1
2.563877000000e+03  6.394800000000e-02
3.875340000000e+02  3.775940000000e-01
8.459823000000e+01  6.805420000000e-01
S 3 1
1.097938000000e+02 -1.098360000000e-01
2.376921000000e+01  1.007070000000e-01
7.122961000000e+00  9.556330000000e-01
P 3 1
1.097938000000e+02  1.384210000000e-01
2.376921000000e+01  5.504890000000e-01
7.122961000000e+00  4.824170000000e-01
S 3 1
6.981204000000e+00 -2.884590000000e-01
2.219839000000e+00  3.364360000000e-01
7.198030000000e-01  8.481900000000e-01
P 3 1
6.981204000000e+00  2.182100000000e-02
2.219839000000e+00  4.567620000000e-01
7.198030000000e-01  6.186750000000e-01
S 2 1
6.312620000000e-01 -2.364900000000e-01
8.006200000000e-02  1.097721000000e+00
P 2 1
6.312620000000e-01  1.900000000000e-04
8.006200000000e-02  9.999400000000e-01
S 1 1
2.886500000000e-02  1.000000000000e+00
P 1 1
2.886500000000e-02  1.000000000000e+00
D 2 1
8.342917000000e+00  2.640620000000e-01
2.032944000000e+00  8.539660000000e-01
D 1 1
4.957120000000e-01  1.000000000000e+00
@END

@ATOMBASIS CR
S 3 1
2.798294000000e+03  6.382400000000e-02
4.231370000000e+02  3.770840000000e-01
9.243886000000e+01  6.809890000000e-01
S 3 1
1.202806000000e+02 -1.177790000000e-01
2.603727000000e+01  1.014310000000e-01
7.844172000000e+00  9.571980000000e-01
P 3 1
1.202806000000e+02  1.398780000000e-01
2.603727000000e+01  5.559830000000e-01
7.844172000000e+00  4.748180000000e-01
S 3 1
7.793276000000e+00 -2.888570000000e-01
2.497196000000e+00  3.351150000000e-01
8.051420000000e-01  8.502480000000e-01
P 3 1
7.793276000000e+00  2.218500000000e-02
2.497196000000e+00  4.616250000000e-01
8.051420000000e-01  6.145390000000e-01
S 2 1
7.039210000000e-01 -2.322510000000e-01
8.616200000000e-02  1.093671000000e+00
P 2 1
7.039210000000e-01  1.800000000000e-04
8.616200000000e-02  9.999450000000e-01
S 1 1
3.219900000000e-02  1.000000000000e+00
P 1 1
3.219900000000e-02  1.000000000000e+00
D 2 1
9.625339000000e+00  2.655960000000e-01
2.362264000000e+00  8.521560000000e-01
D 1 1
5.770940000000e-01  1.000000000000e+00
@END

@ATOMBASIS MN
S 3 1
3.041686000000e+03  6.374500000000e-02
4.600901000000e+02  3.767490000000e-01
1.005958000000e+02  6.812470000000e-01
S 3 1
1.317673000000e+02 -1.102960000000e-01
2.856915000000e+01  9.819000000000e-02
8.660501000000e+00  9.576590000000e-01
P 3 1
1.317673000000e+02  1.404540000000e-01
2.856915000000e+01  5.578020000000e-01
8.660501000000e+00  4.715010000000e-01
S 3 1
8.569081000000e+00 -2.917140000000e-01
2.768178000000e+00  3.439630000000e-01
8.872880000000e-01  8.451980000000e-01
P 3 1
8.569081000000e+00  2.422400000000e-02
2.768178000000e+00  4.686600000000e-01
8.872880000000e-01  6.074210000000e-01
S 2 1
7.674430000000e-01 -2.300040000000e-01
9.202500000000e-02  1.091450000000e+00
P 2 1
7.674430000000e-01  3.080000000000e-04
9.202500000000e-02  9.999070000000e-01
S 1 1
3.326500000000e-02  1.000000000000e+00
P 1 1
3.326500000000e-02  1.000000000000e+00
D 2 1
1.106884000000e+01  2.652720000000e-01
2.730707000000e+00  8.517950000000e-01
D 1 1
6.685090000000e-01  1.000000000000e+00
@END

@ATOMBASIS FE
S 3 1
3.299184000000e+03  6.358600000000e-02
4.990886000000e+02  3.762020000000e-01
1.091614000000e+02  6.817850000000e-01
S 3 1
1.434652000000e+02 -1.105520000000e-01
3.116858000000e+01  9.684700000000e-02
9.483612000000e+00  9.587970000000e-01
P 3 1
1.434652000000e+02  1.411010000000e-01
3.116858000000e+01  5.603870000000e-01
9.483612000000e+00  4.676440000000e-01
S 3 1
9.464565000000e+00 -2.920560000000e-01
3.100373000000e+00  3.375240000000e-01
9.864930000000e-01  8.519420000000e-01
P 3 1
9.464565000000e+00  2.376200000000e-02
3.100373000000e+00  4.689110000000e-01
9.864930000000e-01  6.083110000000e-01
S 2 1
8.534120000000e-01 -2.279440000000e-01
9.881200000000e-02  1.088287000000e+00
P 2 1
8.534120000000e-01 -4.260000000000e-04
9.881200000000e-02  1.000124000000e+00
S 1 1
3.644200000000e-02  1.000000000000e+00
P 1 1
3.644200000000e-02  1.000000000000e+00
D 2 1
1.235449000000e+01  2.686110000000e-01
3.055605000000e+00  8.492720000000e-01
D 1 1
7.385910000000e-01  1.000000000000e+00
@END

@ATOMBASIS CO
S 3 1
3.564762000000e+03  6.348700000000e-02
5.393908000000e+02  3.758180000000e-01
1.180449000000e+02  6.821220000000e-01
S 3 1
1.554382000000e+02 -1.109870000000e-01
3.381561000000e+01  9.676700000000e-02
1.033323000000e+01  9.589920000000e-01
P 3 1
1.554382000000e+02  1.420640000000e-01
3.381561000000e+01  5.634440000000e-01
1.033323000000e+01  4.630240000000e-01
S 3 1
1.038152000000e+01 -2.922620000000e-01
3.382714000000e+00  3.432510000000e-01
1.076954000000e+00  8.469630000000e-01
P 3 1
1.038152000000e+01  2.631300000000e-02
3.382714000000e+00  4.769170000000e-01
1.076954000000e+00  5.991540000000e-01
S 2 1
9.090150000000e-01 -2.174600000000e-01
1.050410000000e-01  1.084998000000e+00
P 2 1
9.090150000000e-01  2.280000000000e-04
1.050410000000e-01  9.999340000000e-01
S 1 1
3.725700000000e-02  1.000000000000e+00
P 1 1
3.725700000000e-02  1.000000000000e+00
D 2 1
1.374070000000e+01  2.709550000000e-01
3.408983000000e+00  8.473420000000e-01
D 1 1
8.186410000000e-01  1.000000000000e+00
@END

@ATOMBASIS NI
S 3 1
3.848005000000e+03  6.326600000000e-02
5.820307000000e+02  3.751710000000e-01
1.273674000000e+02  6.828240000000e-01
S 3 1
1.682896000000e+02 -1.111150000000e-01
3.665633000000e+01  9.532400000000e-02
1.123212000000e+01  9.601610000000e-01
P 3 1
1.682896000000e+02  1.424900000000e-01
3.665633000000e+01  5.655470000000e-01
1.123212000000e+01  4.599930000000e-01
S 3 1
1.135877000000e+01 -2.920600000000e-01
3.738846000000e+00  3.375410000000e-01
1.182463000000e+00  8.525330000000e-01
P 3 1
1.135877000000e+01  2.613800000000e-02
3.738846000000e+00  4.765980000000e-01
1.182463000000e+00  6.003800000000e-01
S 2 1
9.889040000000e-01 -2.136870000000e-01
1.110250000000e-01  1.081933000000e+00
P 2 1
9.889040000000e-01  2.940000000000e-04
1.110250000000e-01  9.999170000000e-01
S 1 1
3.925800000000e-02  1.000000000000e+00
P 1 1
3.925800000000e-02  1.000000000000e+00
D 2 1
1.522069000000e+01  2.726060000000e-01
3.786020000000e+00  8.459280000000e-01
D 1 1
9.045570000000e-01  1.000000000000e+00
@END

@ATOMBASIS CU
S 3 1
4.134302000000e+03  6.318800000000e-02
6.254912000000e+02  3.748450000000e-01
1.369556000000e+02  6.831000000000e-01
S 3 1
1.814960000000e+02 -1.113200000000e-01
3.957431000000e+01  9.448700000000e-02
1.216246000000e+01  9.608790000000e-01
P 3 1
1.814960000000e+02  1.430840000000e-01
3.957431000000e+01  5.677560000000e-01
1.216246000000e+01  4.567140000000e-01
S 3 1
1.235111000000e+01 -2.922230000000e-01
4.049651000000e+00  3.429910000000e-01
1.279225000000e+00  8.479460000000e-01
P 3 1
1.235111000000e+01  2.772700000000e-02
4.049651000000e+00  4.835240000000e-01
1.279225000000e+00  5.929780000000e-01
S 2 1
1.049804000000e+00 -2.065080000000e-01
1.169330000000e-01  1.079273000000e+00
P 2 1
1.049804000000e+00  1.390000000000e-04
1.169330000000e-01  9.999610000000e-01
S 1 1
7.510000000000e-04  1.000000000000e+00
P 1 1
7.510000000000e-04  1.000000000000e+00
D 2 1
1.675938000000e+01  2.741120000000e-01
4.178977000000e+00  8.446250000000e-01
D 1 1
9.943270000000e-01  1.000000000000e+00
@END

@ATOMBASIS ZN
S 3 1
4.432288000000e+03  6.309300000000e-02
6.706601000000e+02  3.745040000000e-01
1.469024000000e+02  6.834160000000e-01
S 3 1
1.950042000000e+02 -1.116280000000e-01
4.256889000000e+01  9.433600000000e-02
1.312143000000e+01  9.611000000000e-01
P 3 1
1.950042000000e+02  1.438060000000e-01
4.256889000000e+01  5.700020000000e-01
1.312143000000e+01  4.533120000000e-01
S 3 1
1.340231000000e+01 -2.917810000000e-01
4.399906000000e+00  3.426140000000e-01
1.385148000000e+00  8.482840000000e-01
P 3 1
1.340231000000e+01  2.870500000000e-02
4.399906000000e+00  4.862520000000e-01
1.385148000000e+00  5.902350000000e-01
S 2 1
1.121558000000e+00 -2.023710000000e-01
1.229440000000e-01  1.077035000000e+00
P 2 1
1.121558000000e+00  3.440000000000e-04
1.229440000000e-01  9.999050000000e-01
S 1 1
4.219300000000e-02  1.000000000000e+00
P 1 1
4.219300000000e-02  1.000000000000e+00
D 2 1
1.836820000000e+01  2.753860000000e-01
4.591304000000e+00  8.434770000000e-01
D 1 1
1.090203000000e+00  1.000000000000e+00
@END

@ATOMBASIS GA
S 3 1
4.751897900000e+03  6.284000000000e-02
7.189205400000e+02  3.736110000000e-01
1.574459200000e+02  6.843630000000e-01
S 3 1
2.095834000000e+02 -1.115160000000e-01
4.569171000000e+01  9.269600000000e-02
1.413297000000e+01  9.622870000000e-01
P 3 1
2.095834000000e+02  1.442660000000e-01
4.569171000000e+01  5.731780000000e-01
1.413297000000e+01  4.490860000000e-01
S 3 1
1.459954000000e+01  2.910290000000e-01
4.860842000000e+00 -3.231880000000e-01
1.549111000000e+00 -8.643910000000e-01
P 3 1
1.459954000000e+01  2.656200000000e-02
4.860842000000e+00  4.833140000000e-01
1.549111000000e+00  5.924300000000e-01
S 2 1
1.267943000000e+00 -2.851310000000e-01
1.883990000000e-01  1.128022000000e+00
P 2 1
1.267943000000e+00  3.018300000000e-02
1.883990000000e-01  9.884660000000e-01
S 1 1
5.723700000000e-02  1.000000000000e+00
P 1 1
5.723700000000e-02  1.000000000000e+00
D 3 1
2.129253000000e+01  1.619900000000e-01
5.393166000000e+00  5.116740000000e-01
1.333883000000e+00  5.898730000000e-01
@END

@ATOMBASIS GE
S 3 1
5.073749900000e+03  6.272500000000e-02
7.677241700000e+02  3.731670000000e-01
1.681888100000e+02  6.847870000000e-01
S 3 1
2.244360000000e+02 -1.115150000000e-01
4.895543000000e+01  9.120000000000e-02
1.518370000000e+01  9.634490000000e-01
P 3 1
2.244360000000e+02  1.446400000000e-01
4.895543000000e+01  5.753800000000e-01
1.518370000000e+01  4.459950000000e-01
S 3 1
1.591257000000e+01 -2.895650000000e-01
5.441437000000e+00  2.938830000000e-01
1.742603000000e+00  8.891990000000e-01
P 3 1
1.591257000000e+01  2.297300000000e-02
5.441437000000e+00  4.732450000000e-01
1.742603000000e+00  6.032780000000e-01
S 2 1
1.466538000000e+00 -3.967340000000e-01
2.630930000000e-01  1.190670000000e+00
P 2 1
1.466538000000e+00  2.789300000000e-02
2.630930000000e-01  9.874900000000e-01
S 1 1
8.482100000000e-02  1.000000000000e+00
P 1 1
8.482100000000e-02  1.000000000000e+00
D 3 1
2.432142100000e+01  1.577990000000e-01
6.223814000000e+00  5.114920000000e-01
1.588737000000e+00  5.857700000000e-01
@END

@ATOMBASIS AS
S 3 1
5.407613800000e+03  6.260100000000e-02
8.181743600000e+02  3.727790000000e-01
1.792656900000e+02  6.851840000000e-01
S 3 1
2.377783000000e+02 -1.128380000000e-01
5.425662000000e+01  8.722700000000e-02
1.632803000000e+01  9.681880000000e-01
P 3 1
2.377783000000e+02  1.496800000000e-01
5.425662000000e+01  5.623220000000e-01
1.632803000000e+01  4.593230000000e-01
S 3 1
1.710185000000e+01 -2.914540000000e-01
5.805144000000e+00  2.969620000000e-01
1.902084000000e+00  8.865790000000e-01
P 3 1
1.710185000000e+01  2.568600000000e-02
5.805144000000e+00  4.833970000000e-01
1.902084000000e+00  5.887850000000e-01
S 2 1
1.675404000000e+00 -5.057610000000e-01
3.416560000000e-01  1.251764000000e+00
P 2 1
1.675404000000e+00  2.528200000000e-02
3.416560000000e-01  9.874330000000e-01
S 1 1
1.136300000000e-01  1.000000000000e+00
P 1 1
1.136300000000e-01  1.000000000000e+00
D 3 1
2.743720900000e+01  1.544950000000e-01
7.084044000000e+00  5.114320000000e-01
1.855823000000e+00  5.821940000000e-01
@END

@ATOMBASIS SE
S 3 1
5.751321500000e+03  6.249300000000e-02
8.702572100000e+02  3.723680000000e-01
1.907294900000e+02  6.855800000000e-01
S 3 1
2.550164000000e+02 -1.119080000000e-01
5.557654000000e+01  9.099900000000e-02
1.735661000000e+01  9.636680000000e-01
P 3 1
2.550164000000e+02  1.461490000000e-01
5.557654000000e+01  5.813710000000e-01
1.735661000000e+01  4.374600000000e-01
S 3 1
1.844568000000e+01 -2.917930000000e-01
6.328759000000e+00  2.846210000000e-01
2.096758000000e+00  8.973050000000e-01
P 3 1
1.844568000000e+01  2.442100000000e-02
6.328759000000e+00  4.833650000000e-01
2.096758000000e+00  5.879040000000e-01
S 2 1
1.872633000000e+00 -5.677640000000e-01
4.174740000000e-01  1.294127000000e+00
P 2 1
1.872633000000e+00  2.825500000000e-02
4.174740000000e-01  9.849060000000e-01
S 1 1
1.370910000000e-01  1.000000000000e+00
P 1 1
1.370910000000e-01  1.000000000000e+00
D 3 1
3.062746400000e+01  1.519860000000e-01
7.971276000000e+00  5.116400000000e-01
2.134810000000e+00  5.786940000000e-01
@END

@ATOMBASIS BR
S 3 1
6.103289900000e+03  6.241800000000e-02
9.236974300000e+02  3.720410000000e-01
2.025203100000e+02  6.858730000000e-01
S 3 1
2.706015000000e+02 -1.121490000000e-01
5.825357000000e+01  9.314500000000e-02
1.846933000000e+01  9.616790000000e-01
P 3 1
2.706015000000e+02  1.477510000000e-01
5.825357000000e+01  6.010560000000e-01
1.846933000000e+01  4.128700000000e-01
S 3 1
1.976142000000e+01 -2.938700000000e-01
6.821752000000e+00  2.802660000000e-01
2.291629000000e+00  9.020360000000e-01
P 3 1
1.976142000000e+01  2.500700000000e-02
6.821752000000e+00  4.866100000000e-01
2.291629000000e+00  5.824230000000e-01
S 2 1
2.131206000000e+00 -6.518030000000e-01
4.993540000000e-01  1.336012000000e+00
P 2 1
2.131206000000e+00  2.870800000000e-02
4.993540000000e-01  9.840700000000e-01
S 1 1
1.647640000000e-01  1.000000000000e+00
P 1 1
1.647640000000e-01  1.000000000000e+00
D 3 1
3.396509700000e+01  1.496670000000e-01
8.900831000000e+00  5.117480000000e-01
2.428436000000e+00  5.759150000000e-01
@END

@ATOMBASIS KR
S 3 1
6.446630700000e+03  6.254000000000e-02
9.768757000000e+02  3.721070000000e-01
2.144795500000e+02  6.856110000000e-01
S 3 1
2.876446000000e+02 -1.120610000000e-01
6.262009000000e+01  9.013900000000e-02
1.969174000000e+01  9.643300000000e-01
P 3 1
2.876446000000e+02  1.475280000000e-01
6.262009000000e+01  5.868920000000e-01
1.969174000000e+01  4.295070000000e-01
S 3 1
2.112321000000e+01 -2.958170000000e-01
7.303286000000e+00  2.792170000000e-01
2.488850000000e+00  9.037300000000e-01
P 3 1
2.112321000000e+01  2.607000000000e-02
7.303286000000e+00  4.922500000000e-01
2.488850000000e+00  5.742740000000e-01
S 2 1
2.361374000000e+00 -7.202450000000e-01
5.860160000000e-01  1.376846000000e+00
P 2 1
2.361374000000e+00  2.877500000000e-02
5.860160000000e-01  9.833390000000e-01
S 1 1
1.944470000000e-01  1.000000000000e+00
P 1 1
1.944470000000e-01  1.000000000000e+00
D 3 1
3.736810300000e+01  1.479470000000e-01
9.854313000000e+00  5.121720000000e-01
2.732795000000e+00  5.729500000000e-01
@END

@ATOMBASIS RB
S 3 1
6.816722500000e+03  6.249600000000e-02
1.033000700000e+03  3.719500000000e-01
2.269086100000e+02  6.857290000000e-01
S 3 1
3.041283000000e+02 -1.123300000000e-01
6.626058000000e+01  9.075100000000e-02
2.091945000000e+01  9.639410000000e-01
P 3 1
3.041283000000e+02  1.484410000000e-01
6.626058000000e+01  5.891250000000e-01
2.091945000000e+01  4.258250000000e-01
S 3 1
2.246533000000e+01 -3.004850000000e-01
7.877468000000e+00  2.783570000000e-01
2.705271000000e+00  9.076100000000e-01
P 3 1
2.246533000000e+01  2.445400000000e-02
7.877468000000e+00  4.944540000000e-01
2.705271000000e+00  5.718570000000e-01
S 3 1
2.692116000000e+00 -3.311620000000e-01
7.230560000000e-01  5.096990000000e-01
2.598380000000e-01  6.982460000000e-01
P 3 1
2.692116000000e+00  1.190100000000e-02
7.230560000000e-01  4.951730000000e-01
2.598380000000e-01  5.737240000000e-01
S 2 1
1.897140000000e-01 -2.711930000000e-01
3.399700000000e-02  1.141550000000e+00
P 2 1
1.897140000000e-01  3.080000000000e-04
3.399700000000e-02  9.998650000000e-01
S 1 1
1.471200000000e-02  1.000000000000e+00
P 1 1
1.471200000000e-02  1.000000000000e+00
D 3 1
4.086603100000e+01  1.466040000000e-01
1.084088500000e+01  5.127250000000e-01
3.050834000000e+00  5.699800000000e-01
@END

@ATOMBASIS SR
S 3 1
7.215473500000e+03  6.228200000000e-02
1.092851900000e+03  3.713100000000e-01
2.399818200000e+02  6.864440000000e-01
S 3 1
3.221246000000e+02 -1.122350000000e-01
7.009046000000e+01  8.954400000000e-02
2.217641000000e+01  9.648130000000e-01
P 3 1
3.221246000000e+02  1.488370000000e-01
7.009046000000e+01  5.919470000000e-01
2.217641000000e+01  4.221710000000e-01
S 3 1
2.392763000000e+01 -3.024720000000e-01
8.475114000000e+00  2.700840000000e-01
2.942934000000e+00  9.159200000000e-01
P 3 1
2.392763000000e+01  2.483700000000e-02
8.475114000000e+00  4.934780000000e-01
2.942934000000e+00  5.709830000000e-01
S 3 1
2.940966000000e+00 -3.519850000000e-01
8.523560000000e-01  4.972550000000e-01
3.215370000000e-01  7.238600000000e-01
P 3 1
2.940966000000e+00  9.723000000000e-03
8.523560000000e-01  4.983220000000e-01
3.215370000000e-01  5.650560000000e-01
S 2 1
3.480420000000e-01 -2.851470000000e-01
4.817700000000e-02  1.120939000000e+00
P 2 1
3.480420000000e-01  3.080000000000e-04
4.817700000000e-02  9.998930000000e-01
S 1 1
2.180300000000e-02  1.000000000000e+00
P 1 1
2.180300000000e-02  1.000000000000e+00
D 3 1
4.456611500000e+01  1.451270000000e-01
1.188148900000e+01  5.130680000000e-01
3.387558000000e+00  5.676640000000e-01
@END

@ATOMBASIS Y
S 3 1
7.646421000000e+03  6.189100000000e-02
1.156863000000e+03  3.702070000000e-01
2.537152000000e+02  6.877560000000e-01
S 3 1
3.418540000000e+02 -1.119000000000e-01
7.420986000000e+01  8.680500000000e-02
2.351352000000e+01  9.667850000000e-01
P 3 1
3.418540000000e+02  1.485720000000e-01
7.420986000000e+01  5.943070000000e-01
2.351352000000e+01  4.196040000000e-01
S 3 1
1.886260000000e+01 -1.477873000000e+00
1.645405000000e+01  1.347259000000e+00
3.484500000000e+00  1.006231000000e+00
P 3 1
1.886260000000e+01 -7.041410000000e-01
1.645405000000e+01  1.057862000000e+00
3.484500000000e+00  7.393820000000e-01
S 3 1
3.221733000000e+00 -3.699580000000e-01
1.050705000000e+00  4.308640000000e-01
3.925920000000e-01  8.020870000000e-01
P 3 1
3.221733000000e+00  2.494000000000e-03
1.050705000000e+00  4.537620000000e-01
3.925920000000e-01  6.130680000000e-01
S 2 1
4.327640000000e-01 -3.464580000000e-01
5.701200000000e-02  1.132777000000e+00
P 2 1
4.327640000000e-01 -1.337000000000e-03
5.701200000000e-02  1.000440000000e+00
S 1 1
2.375400000000e-02  1.000000000000e+00
P 1 1
2.375400000000e-02  1.000000000000e+00
D 3 1
5.035375000000e+01  1.367960000000e-01
1.353078000000e+01  5.019060000000e-01
3.944996000000e+00  5.788600000000e-01
D 2 1
1.530137000000e+00  3.384030000000e-01
6.300670000000e-01  7.293290000000e-01
D 1 1
2.165880000000e-01  1.000000000000e+00
@END

@ATOMBASIS ZR
S 3 1
8.084592000000e+03  6.157800000000e-02
1.221668000000e+03  3.693990000000e-01
2.676917000000e+02  6.887280000000e-01
S 3 1
3.610212000000e+02 -1.119070000000e-01
7.830495000000e+01  8.584000000000e-02
2.484523000000e+01  9.675130000000e-01
P 3 1
3.610212000000e+02  1.487620000000e-01
7.830495000000e+01  5.965690000000e-01
2.484523000000e+01  4.167850000000e-01
S 3 1
2.000628000000e+01 -1.544349000000e+00
1.757415000000e+01  1.409596000000e+00
3.742985000000e+00  1.009349000000e+00
P 3 1
2.000628000000e+01 -7.568480000000e-01
1.757415000000e+01  1.112090000000e+00
3.742985000000e+00  7.368020000000e-01
S 3 1
3.554788000000e+00 -3.793870000000e-01
1.178992000000e+00  4.232850000000e-01
4.446970000000e-01  8.140680000000e-01
P 3 1
3.554788000000e+00  2.599000000000e-03
1.178992000000e+00  4.599760000000e-01
4.446970000000e-01  6.058490000000e-01
S 2 1
5.050490000000e-01 -3.295120000000e-01
6.211600000000e-02  1.120709000000e+00
P 2 1
5.050490000000e-01 -1.249000000000e-03
6.211600000000e-02  1.000384000000e+00
S 1 1
2.558000000000e-02  1.000000000000e+00
P 1 1
2.558000000000e-02  1.000000000000e+00
D 3 1
5.472323000000e+01  1.348240000000e-01
1.477416000000e+01  5.005540000000e-01
4.358961000000e+00  5.787820000000e-01
D 2 1
1.862842000000e+00  2.850320000000e-01
6.433130000000e-01  7.972070000000e-01
D 1 1
1.993950000000e-01  1.000000000000e+00
@END

@ATOMBASIS NB
S 3 1
8.466517000000e+03  6.180400000000e-02
1.281261000000e+03  3.698050000000e-01
2.812311000000e+02  6.880790000000e-01
S 3 1
3.794729000000e+02 -1.121060000000e-01
8.233589000000e+01  8.650300000000e-02
2.622248000000e+01  9.670570000000e-01
P 3 1
3.794729000000e+02  1.496670000000e-01
8.233589000000e+01  5.987180000000e-01
2.622248000000e+01  4.132380000000e-01
S 3 1
2.116294000000e+01 -1.555131000000e+00
1.858978000000e+01  1.417939000000e+00
4.009981000000e+00  1.010620000000e+00
P 3 1
2.116294000000e+01 -7.554620000000e-01
1.858978000000e+01  1.113966000000e+00
4.009981000000e+00  7.327670000000e-01
S 3 1
3.836375000000e+00 -3.891040000000e-01
1.303325000000e+00  4.349700000000e-01
4.934310000000e-01  8.115900000000e-01
P 3 1
3.836375000000e+00  3.290000000000e-03
1.303325000000e+00  4.716450000000e-01
4.934310000000e-01  5.936990000000e-01
S 2 1
5.723730000000e-01 -3.156090000000e-01
6.820300000000e-02  1.114047000000e+00
P 2 1
5.723730000000e-01 -1.133000000000e-03
6.820300000000e-02  1.000338000000e+00
S 1 1
2.715700000000e-02  1.000000000000e+00
P 1 1
2.715700000000e-02  1.000000000000e+00
D 3 1
5.901219000000e+01  1.337100000000e-01
1.601279000000e+01  5.000390000000e-01
4.777185000000e+00  5.775380000000e-01
D 2 1
1.970443000000e+00  3.106810000000e-01
6.619350000000e-01  7.800690000000e-01
D 1 1
2.059970000000e-01  1.000000000000e+00
@END

@ATOMBASIS MO
S 3 1
8.899491000000e+03  6.170600000000e-02
1.346764000000e+03  3.694540000000e-01
2.956352000000e+02  6.884340000000e-01
S 3 1
3.993139000000e+02 -1.121440000000e-01
8.659356000000e+01  8.601100000000e-02
2.763904000000e+01  9.674330000000e-01
P 3 1
3.993139000000e+02  1.500660000000e-01
8.659356000000e+01  6.007690000000e-01
2.763904000000e+01  4.103860000000e-01
S 3 1
2.250292000000e+01 -1.422306000000e+00
1.949171000000e+01  1.284185000000e+00
4.278180000000e+00  1.010866000000e+00
P 3 1
2.250292000000e+01 -6.680660000000e-01
1.949171000000e+01  1.030346000000e+00
4.278180000000e+00  7.283480000000e-01
S 3 1
4.163021000000e+00 -3.964230000000e-01
1.435305000000e+00  4.370790000000e-01
5.437820000000e-01  8.148460000000e-01
P 3 1
4.163021000000e+00  2.963000000000e-03
1.435305000000e+00  4.791470000000e-01
5.437820000000e-01  5.864870000000e-01
S 2 1
6.318010000000e-01 -3.033620000000e-01
7.325800000000e-02  1.108413000000e+00
P 2 1
6.318010000000e-01 -1.079000000000e-03
7.325800000000e-02  1.000313000000e+00
S 1 1
2.802500000000e-02  1.000000000000e+00
P 1 1
2.802500000000e-02  1.000000000000e+00
D 3 1
6.378045000000e+01  1.317390000000e-01
1.737358000000e+01  4.985320000000e-01
5.230784000000e+00  5.781780000000e-01
D 2 1
2.270937000000e+00  3.112640000000e-01
7.546530000000e-01  7.810340000000e-01
D 1 1
2.351420000000e-01  1.000000000000e+00
@END

@ATOMBASIS TC
S 3 1
9.329482000000e+03  6.171200000000e-02
1.412506000000e+03  3.693370000000e-01
3.102643000000e+02  6.884720000000e-01
S 3 1
4.188175000000e+02 -1.124030000000e-01
9.125078000000e+01  8.531800000000e-02
2.911212000000e+01  9.681770000000e-01
P 3 1
4.188175000000e+02  1.500720000000e-01
9.125078000000e+01  6.000570000000e-01
2.911212000000e+01  4.109860000000e-01
S 3 1
2.591064000000e+01 -1.380446000000e+00
2.326770000000e+01  1.197900000000e+00
4.707083000000e+00  1.052649000000e+00
P 3 1
2.591064000000e+01 -1.655271000000e+00
2.326770000000e+01  1.986020000000e+00
4.707083000000e+00  7.290340000000e-01
S 3 1
4.441138000000e+00 -4.041140000000e-01
1.595639000000e+00  4.398380000000e-01
5.955600000000e-01  8.219360000000e-01
P 3 1
4.441138000000e+00  1.229100000000e-02
1.595639000000e+00  4.632070000000e-01
5.955600000000e-01  5.983830000000e-01
S 2 1
6.738810000000e-01 -2.700030000000e-01
7.724100000000e-02  1.099150000000e+00
P 2 1
6.738810000000e-01 -9.200000000000e-04
7.724100000000e-02  1.000264000000e+00
S 1 1
2.869600000000e-02  1.000000000000e+00
P 1 1
2.869600000000e-02  1.000000000000e+00
D 3 1
6.878375000000e+01  1.296930000000e-01
1.880389000000e+01  4.966190000000e-01
5.705228000000e+00  5.795470000000e-01
D 2 1
2.599164000000e+00  3.092190000000e-01
8.622760000000e-01  7.829060000000e-01
D 1 1
2.706070000000e-01  1.000000000000e+00
@END

@ATOMBASIS RU
S 3 1
9.786161000000e+03  6.160500000000e-02
1.481477000000e+03  3.689820000000e-01
3.254122000000e+02  6.888450000000e-01
S 3 1
4.398665000000e+02 -1.123910000000e-01
9.576273000000e+01  8.469400000000e-02
3.060566000000e+01  9.686380000000e-01
P 3 1
4.398665000000e+02  1.503790000000e-01
9.576273000000e+01  6.019290000000e-01
3.060566000000e+01  4.084640000000e-01
S 3 1
2.727737000000e+01 -1.395553000000e+00
2.451082000000e+01  1.210852000000e+00
5.008946000000e+00  1.054045000000e+00
P 3 1
2.727737000000e+01 -1.668618000000e+00
2.451082000000e+01  2.002790000000e+00
5.008946000000e+00  7.251440000000e-01
S 3 1
4.765812000000e+00 -4.103630000000e-01
1.734531000000e+00  4.480030000000e-01
6.466360000000e-01  8.198080000000e-01
P 3 1
4.765812000000e+00  1.127400000000e-02
1.734531000000e+00  4.727030000000e-01
6.466360000000e-01  5.898430000000e-01
S 2 1
7.406620000000e-01 -2.639660000000e-01
8.217100000000e-02  1.094857000000e+00
P 2 1
7.406620000000e-01 -7.620000000000e-04
8.217100000000e-02  1.000212000000e+00
S 1 1
3.009700000000e-02  1.000000000000e+00
P 1 1
3.009700000000e-02  1.000000000000e+00
D 3 1
7.398330000000e+01  1.277600000000e-01
2.028149000000e+01  4.951470000000e-01
6.194298000000e+00  5.806550000000e-01
D 2 1
2.889108000000e+00  3.159940000000e-01
9.539610000000e-01  7.780660000000e-01
D 1 1
2.958810000000e-01  1.000000000000e+00
@END

@ATOMBASIS RH
S 3 1
1.021771000000e+04  6.173200000000e-02
1.548412000000e+03  3.691530000000e-01
3.404990000000e+02  6.885140000000e-01
S 3 1
4.607593000000e+02 -1.124460000000e-01
1.003289000000e+02  8.438100000000e-02
3.213971000000e+01  9.689020000000e-01
P 3 1
4.607593000000e+02  1.508580000000e-01
1.003289000000e+02  6.035140000000e-01
3.213971000000e+01  4.060250000000e-01
S 3 1
2.879329000000e+01 -1.404091000000e+00
2.591768000000e+01  1.216169000000e+00
5.320640000000e+00  1.056555000000e+00
P 3 1
2.879329000000e+01 -1.712218000000e+00
2.591768000000e+01  2.047603000000e+00
5.320640000000e+00  7.229830000000e-01
S 3 1
5.109748000000e+00 -4.126470000000e-01
1.875414000000e+00  4.518850000000e-01
6.995580000000e-01  8.188990000000e-01
P 3 1
5.109748000000e+00  9.374000000000e-03
1.875414000000e+00  4.815540000000e-01
6.995580000000e-01  5.822310000000e-01
S 2 1
8.005710000000e-01 -2.553480000000e-01
8.732100000000e-02  1.091308000000e+00
P 2 1
8.005710000000e-01 -7.760000000000e-04
8.732100000000e-02  1.000212000000e+00
S 1 1
3.140700000000e-02  1.000000000000e+00
P 1 1
3.140700000000e-02  1.000000000000e+00
D 3 1
7.925597000000e+01  1.261900000000e-01
2.178945000000e+01  4.939540000000e-01
6.697518000000e+00  5.813300000000e-01
D 2 1
3.190908000000e+00  3.210400000000e-01
1.054575000000e+00  7.738520000000e-01
D 1 1
3.260790000000e-01  1.000000000000e+00
@END

@ATOMBASIS PD
S 3 1
1.072874000000e+04  6.142900000000e-02
1.624074000000e+03  3.683280000000e-01
3.567937000000e+02  6.895030000000e-01
S 3 1
4.824783000000e+02 -1.126790000000e-01
1.050590000000e+02  8.461200000000e-02
3.368145000000e+01  9.687870000000e-01
P 3 1
4.824783000000e+02  1.510790000000e-01
1.050590000000e+02  6.050920000000e-01
3.368145000000e+01  4.039800000000e-01
S 3 1
3.018654000000e+01 -1.418547000000e+00
2.716642000000e+01  1.229444000000e+00
5.635934000000e+00  1.057083000000e+00
P 3 1
3.018654000000e+01 -1.709817000000e+00
2.716642000000e+01  2.049308000000e+00
5.635934000000e+00  7.186300000000e-01
S 3 1
5.475374000000e+00 -4.172610000000e-01
1.997604000000e+00  4.705880000000e-01
7.439300000000e-01  8.046360000000e-01
P 3 1
5.475374000000e+00  1.158400000000e-02
1.997604000000e+00  4.974550000000e-01
7.439300000000e-01  5.655270000000e-01
S 2 1
8.901630000000e-01 -2.784320000000e-01
9.282100000000e-02  1.093028000000e+00
P 2 1
8.901630000000e-01 -1.272000000000e-03
9.282100000000e-02  1.000332000000e+00
S 1 1
3.377400000000e-02  1.000000000000e+00
P 1 1
3.377400000000e-02  1.000000000000e+00
D 3 1
8.423691000000e+01  1.256430000000e-01
2.324919000000e+01  4.937200000000e-01
7.196760000000e+00  5.803430000000e-01
D 2 1
3.473077000000e+00  3.281540000000e-01
1.148050000000e+00  7.680270000000e-01
D 1 1
3.548110000000e-01  1.000000000000e+00
@END

@ATOMBASIS AG
S 3 1
1.119078000000e+04  6.149500000000e-02
1.695077000000e+03  3.684050000000e-01
3.726752000000e+02  6.893250000000e-01
S 3 1
5.046162000000e+02 -1.126580000000e-01
1.098718000000e+02  8.402800000000e-02
3.529513000000e+01  9.692340000000e-01
P 3 1
5.046162000000e+02  1.514800000000e-01
1.098718000000e+02  6.065140000000e-01
3.529513000000e+01  4.018300000000e-01
S 3 1
3.156877000000e+01 -1.422028000000e+00
2.834397000000e+01  1.234098000000e+00
5.945127000000e+00  1.055683000000e+00
P 3 1
3.156877000000e+01 -1.673366000000e+00
2.834397000000e+01  2.018976000000e+00
5.945127000000e+00  7.126890000000e-01
S 3 1
5.800256000000e+00 -4.196170000000e-01
2.127256000000e+00  4.843500000000e-01
7.935510000000e-01  7.952030000000e-01
P 3 1
5.800256000000e+00  1.430400000000e-02
2.127256000000e+00  5.071940000000e-01
7.935510000000e-01  5.539740000000e-01
S 2 1
9.285440000000e-01 -2.523000000000e-01
9.725500000000e-02  1.087392000000e+00
P 2 1
9.285440000000e-01 -1.481000000000e-03
9.725500000000e-02  1.000388000000e+00
S 1 1
3.493300000000e-02  1.000000000000e+00
P 1 1
3.493300000000e-02  1.000000000000e+00
D 3 1
8.993335000000e+01  1.240160000000e-01
2.487496000000e+01  4.923830000000e-01
7.738191000000e+00  5.814970000000e-01
D 2 1
3.796557000000e+00  3.314260000000e-01
1.256644000000e+00  7.651630000000e-01
D 1 1
3.881330000000e-01  1.000000000000e+00
@END

@ATOMBASIS CD
S 3 1
1.168609000000e+04  6.142700000000e-02
1.770111000000e+03  3.681570000000e-01
3.892090000000e+02  6.895720000000e-01
S 3 1
5.276004000000e+02 -1.125920000000e-01
1.148329000000e+02  8.327000000000e-02
3.695829000000e+01  9.697980000000e-01
P 3 1
5.276004000000e+02  1.518050000000e-01
1.148329000000e+02  6.077600000000e-01
3.695829000000e+01  3.999630000000e-01
S 3 1
3.301548000000e+01 -1.406471000000e+00
2.954543000000e+01  1.218156000000e+00
6.278508000000e+00  1.055520000000e+00
P 3 1
3.301548000000e+01 -1.609024000000e+00
2.954543000000e+01  1.959568000000e+00
6.278508000000e+00  7.080270000000e-01
S 3 1
6.150596000000e+00 -4.229210000000e-01
2.259746000000e+00  4.987710000000e-01
8.414260000000e-01  7.850760000000e-01
P 3 1
6.150596000000e+00  1.448200000000e-02
2.259746000000e+00  5.186610000000e-01
8.414260000000e-01  5.426660000000e-01
S 2 1
9.490690000000e-01 -2.215550000000e-01
1.014880000000e-01  1.080944000000e+00
P 2 1
9.490690000000e-01 -1.540000000000e-03
1.014880000000e-01  1.000412000000e+00
S 1 1
3.598700000000e-02  1.000000000000e+00
P 1 1
3.598700000000e-02  1.000000000000e+00
D 3 1
9.547274000000e+01  1.230830000000e-01
2.648196000000e+01  4.916770000000e-01
8.282886000000e+00  5.815410000000e-01
D 2 1
4.082141000000e+00  3.379410000000e-01
1.357279000000e+00  7.591680000000e-01
D 1 1
4.208310000000e-01  1.000000000000e+00
@END

@ATOMBASIS IN
S 3 1
1.221454700000e+04  6.124800000000e-02
1.848913600000e+03  3.676750000000e-01
4.063683300000e+02  6.901360000000e-01
S 3 1
5.504423000000e+02 -1.127090000000e-01
1.197744000000e+02  8.344400000000e-02
3.866927000000e+01  9.696880000000e-01
P 3 1
5.504423000000e+02  1.523700000000e-01
1.197744000000e+02  6.096510000000e-01
3.866927000000e+01  3.970250000000e-01
S 3 1
4.702931000000e+01 -2.758950000000e-01
2.249642000000e+01  5.977300000000e-02
6.697117000000e+00  1.082148000000e+00
P 3 1
4.702931000000e+01 -1.408480000000e-01
2.249642000000e+01  5.290870000000e-01
6.697117000000e+00  6.620680000000e-01
S 3 1
6.572360000000e+00 -4.284830000000e-01
2.502158000000e+00  4.633640000000e-01
9.420250000000e-01  8.219680000000e-01
P 3 1
6.572360000000e+00  1.091300000000e-02
2.502158000000e+00  5.036760000000e-01
9.420250000000e-01  5.581810000000e-01
S 2 1
1.001221000000e+00 -4.364170000000e-01
1.659700000000e-01  1.189893000000e+00
P 2 1
1.001221000000e+00  2.316300000000e-02
1.659700000000e-01  9.903310000000e-01
S 1 1
5.434000000000e-02  1.000000000000e+00
P 1 1
5.434000000000e-02  1.000000000000e+00
D 3 1
1.021735600000e+02  1.205560000000e-01
2.839463200000e+01  4.884980000000e-01
8.924805000000e+00  5.850190000000e-01
D 3 1
4.535364000000e+00  2.508570000000e-01
1.537148000000e+00  5.693110000000e-01
4.994920000000e-01  3.840640000000e-01
@END

@ATOMBASIS SN
S 3 1
1.274167400000e+04  6.113500000000e-02
1.928469200000e+03  3.672930000000e-01
4.238079700000e+02  6.905450000000e-01
S 3 1
5.742875000000e+02 -1.127460000000e-01
1.249537000000e+02  8.286300000000e-02
4.039576000000e+01  9.701510000000e-01
P 3 1
5.742875000000e+02  1.525800000000e-01
1.249537000000e+02  6.110110000000e-01
4.039576000000e+01  3.951550000000e-01
S 3 1
4.880662000000e+01 -2.824530000000e-01
2.383588000000e+01  6.605600000000e-02
7.048296000000e+00  1.081987000000e+00
P 3 1
4.880662000000e+01 -1.509630000000e-01
2.383588000000e+01  5.399680000000e-01
7.048296000000e+00  6.604820000000e-01
S 3 1
6.973378000000e+00 -4.340360000000e-01
2.693040000000e+00  4.610290000000e-01
1.025958000000e+00  8.285580000000e-01
P 3 1
6.973378000000e+00  1.195100000000e-02
2.693040000000e+00  5.067190000000e-01
1.025958000000e+00  5.529110000000e-01
S 2 1
1.131463000000e+00 -5.252080000000e-01
2.034090000000e-01  1.229226000000e+00
P 2 1
1.131463000000e+00  2.107100000000e-02
2.034090000000e-01  9.905910000000e-01
S 1 1
7.056400000000e-02  1.000000000000e+00
P 1 1
7.056400000000e-02  1.000000000000e+00
D 3 1
1.080563000000e+02  1.198240000000e-01
3.013157600000e+01  4.875910000000e-01
9.530036000000e+00  5.849870000000e-01
D 3 1
4.962610000000e+00  2.529490000000e-01
1.712083000000e+00  5.727610000000e-01
5.771950000000e-01  3.690390000000e-01
@END

@ATOMBASIS SB
S 3 1
1.328938300000e+04  6.098400000000e-02
2.010521800000e+03  3.668490000000e-01
4.416981500000e+02  6.910500000000e-01
S 3 1
5.988890000000e+02 -1.127200000000e-01
1.300385000000e+02  8.264400000000e-02
4.213286000000e+01  9.702580000000e-01
P 3 1
5.988890000000e+02  1.530670000000e-01
1.300385000000e+02  6.135970000000e-01
4.213286000000e+01  3.916990000000e-01
S 3 1
5.151333000000e+01 -2.770430000000e-01
2.443595000000e+01  5.750300000000e-02
7.420931000000e+00  1.084703000000e+00
P 3 1
5.151333000000e+01 -1.378700000000e-01
2.443595000000e+01  5.363550000000e-01
7.420931000000e+00  6.508680000000e-01
S 3 1
7.314235000000e+00 -4.403810000000e-01
2.844053000000e+00  4.737340000000e-01
1.105855000000e+00  8.221350000000e-01
P 3 1
7.314235000000e+00  1.530500000000e-02
2.844053000000e+00  5.160830000000e-01
1.105855000000e+00  5.387570000000e-01
S 2 1
1.278637000000e+00 -6.016950000000e-01
2.412320000000e-01  1.258692000000e+00
P 2 1
1.278637000000e+00  2.225300000000e-02
2.412320000000e-01  9.896430000000e-01
S 1 1
8.663000000000e-02  1.000000000000e+00
P 1 1
8.663000000000e-02  1.000000000000e+00
D 3 1
1.158095500000e+02  1.166280000000e-01
3.230583500000e+01  4.834360000000e-01
1.025032800000e+01  5.901400000000e-01
D 3 1
5.486210000000e+00  2.483660000000e-01
1.921620000000e+00  5.743150000000e-01
6.660630000000e-01  3.643040000000e-01
@END

@ATOMBASIS TE
S 3 1
1.379656000000e+04  6.108600000000e-02
2.088879800000e+03  3.669630000000e-01
4.593931900000e+02  6.907940000000e-01
S 3 1
6.232631000000e+02 -1.128200000000e-01
1.353600000000e+02  8.225200000000e-02
4.400048000000e+01  9.706010000000e-01
P 3 1
6.232631000000e+02  1.534190000000e-01
1.353600000000e+02  6.149000000000e-01
4.400048000000e+01  3.895160000000e-01
S 3 1
5.419078000000e+01 -2.744120000000e-01
2.582039000000e+01  5.183000000000e-02
7.809583000000e+00  1.087622000000e+00
P 3 1
5.419078000000e+01 -1.433310000000e-01
2.582039000000e+01  5.391880000000e-01
7.809583000000e+00  6.522850000000e-01
S 3 1
7.764217000000e+00 -4.467310000000e-01
3.043932000000e+00  4.694700000000e-01
1.199253000000e+00  8.298110000000e-01
P 3 1
7.764217000000e+00  1.274600000000e-02
3.043932000000e+00  5.221230000000e-01
1.199253000000e+00  5.326610000000e-01
S 2 1
1.340364000000e+00 -5.904700000000e-01
2.780880000000e-01  1.281968000000e+00
P 2 1
1.340364000000e+00  2.558800000000e-02
2.780880000000e-01  9.871020000000e-01
S 1 1
9.672600000000e-02  1.000000000000e+00
P 1 1
9.672600000000e-02  1.000000000000e+00
D 3 1
1.214083000000e+02  1.169140000000e-01
3.401521700000e+01  4.835560000000e-01
1.086913800000e+01  5.883860000000e-01
D 3 1
5.803111000000e+00  2.601940000000e-01
2.058066000000e+00  5.797760000000e-01
7.328300000000e-01  3.405580000000e-01
@END

@ATOMBASIS I
S 3 1
1.435118600000e+04  6.100300000000e-02
2.173074100000e+03  3.666400000000e-01
4.778720500000e+02  6.911310000000e-01
S 3 1
6.481887000000e+02 -1.128510000000e-01
1.403064000000e+02  8.322800000000e-02
4.569880000000e+01  9.697520000000e-01
P 3 1
6.481887000000e+02  1.541140000000e-01
1.403064000000e+02  6.194620000000e-01
4.569880000000e+01  3.837580000000e-01
S 3 1
5.669469000000e+01 -2.736970000000e-01
2.748875000000e+01  4.650000000000e-02
8.209096000000e+00  1.091576000000e+00
P 3 1
5.669469000000e+01 -1.523220000000e-01
2.748875000000e+01  5.437690000000e-01
8.209096000000e+00  6.561680000000e-01
S 3 1
8.191679000000e+00 -4.508280000000e-01
3.244596000000e+00  4.632090000000e-01
1.300489000000e+00  8.386360000000e-01
P 3 1
8.191679000000e+00  1.187000000000e-02
3.244596000000e+00  5.265250000000e-01
1.300489000000e+00  5.266080000000e-01
S 2 1
1.451380000000e+00 -6.658520000000e-01
3.281030000000e-01  1.328584000000e+00
P 2 1
1.451380000000e+00  2.754100000000e-02
3.281030000000e-01  9.851370000000e-01
S 1 1
1.150760000000e-01  1.000000000000e+00
P 1 1
1.150760000000e-01  1.000000000000e+00
D 3 1
1.280902600000e+02  1.158640000000e-01
3.598237800000e+01  4.820490000000e-01
1.155111600000e+01  5.894450000000e-01
D 3 1
6.146152000000e+00  2.681820000000e-01
2.220937000000e+00  5.800610000000e-01
8.099120000000e-01  3.262260000000e-01
@END

@ATOMBASIS XE
S 3 1
1.490223600000e+04  6.099700000000e-02
2.256538300000e+03  3.666290000000e-01
4.963731700000e+02  6.911150000000e-01
S 3 1
6.736611000000e+02 -1.129130000000e-01
1.458491000000e+02  8.290500000000e-02
4.757708000000e+01  9.700290000000e-01
P 3 1
6.736611000000e+02  1.544270000000e-01
1.458491000000e+02  6.206170000000e-01
4.757708000000e+01  3.820040000000e-01
S 3 1
5.916752000000e+01 -2.739770000000e-01
2.861159000000e+01  4.553000000000e-02
8.596596000000e+00  1.092528000000e+00
P 3 1
5.916752000000e+01 -1.518570000000e-01
2.861159000000e+01  5.471510000000e-01
8.596596000000e+00  6.519540000000e-01
S 3 1
8.638676000000e+00 -4.558410000000e-01
3.462818000000e+00  4.617360000000e-01
1.401040000000e+00  8.442880000000e-01
P 3 1
8.638676000000e+00  9.585000000000e-03
3.462818000000e+00  5.298190000000e-01
1.401040000000e+00  5.235980000000e-01
S 2 1
1.578474000000e+00 -7.277720000000e-01
3.750810000000e-01  1.362797000000e+00
P 2 1
1.578474000000e+00  2.807200000000e-02
3.750810000000e-01  9.842640000000e-01
S 1 1
1.331790000000e-01  1.000000000000e+00
P 1 1
1.331790000000e-01  1.000000000000e+00
D 3 1
1.349133100000e+02  1.150110000000e-01
3.795638700000e+01  4.815950000000e-01
1.222747500000e+01  5.896130000000e-01
D 3 1
6.600493000000e+00  2.718840000000e-01
2.398051000000e+00  5.855570000000e-01
8.864820000000e-01  3.127460000000e-01
@END

@ATOMBASIS CS
S 3 1
1.552586600000e+04  6.072400000000e-02
2.349005500000e+03  3.658420000000e-01
5.162355500000e+02  6.920470000000e-01
S 3 1
6.875050500000e+02 -1.102130000000e-01
6.719115700000e+01  7.272030000000e-01
2.799200300000e+01  3.401430000000e-01
S 3 1
6.016818800000e+01 -2.753150000000e-01
1.086869400000e+01  8.901280000000e-01
4.740705000000e+00  2.648630000000e-01
S 3 1
9.887163000000e+00 -3.688270000000e-01
2.369343000000e+00  8.325820000000e-01
1.141676000000e+00  3.887890000000e-01
S 3 1
1.769078000000e+00 -3.409420000000e-01
3.836200000000e-01  7.000970000000e-01
1.713060000000e-01  4.934520000000e-01
S 2 1
2.118490000000e-01 -2.750220000000e-01
4.032400000000e-02  1.936040000000e-01
S 1 1
1.705800000000e-02  1.000000000000e+00
P 3 1
1.024283300000e+03  7.918500000000e-02
2.396488900000e+02  4.199330000000e-01
7.125554800000e+01  6.432510000000e-01
P 3 1
1.394586400000e+02 -3.312300000000e-02
2.581081000000e+01  3.891080000000e-01
1.013945200000e+01  6.790330000000e-01
P 3 1
4.324244000000e+00  3.816690000000e-01
1.936415000000e+00  5.769760000000e-01
8.145050000000e-01  1.154050000000e-01
P 1 1
5.945840000000e-01  1.000000000000e+00
P 1 1
2.749920000000e-01  1.000000000000e+00
P 1 1
1.115530000000e-01  1.000000000000e+00
D 3 1
1.440513900000e+02  1.118300000000e-01
4.050514600000e+01  4.768350000000e-01
1.308624400000e+01  5.954170000000e-01
D 3 1
7.371578000000e+00  2.537250000000e-01
2.724824000000e+00  5.788860000000e-01
1.026678000000e+00  3.325980000000e-01
@END
926b1c68231ecc93eead73b802bd7ad6