@BASIS_SET 3-21++G

@ATOMBASIS H
S 2 1
5.447178000000e+00  1.562850000000e-01
8.245470000000e-01  9.046910000000e-01
S 1 1
1.831920000000e-01  1.000000000000e+00
S 1 1
3.600000000000e-02  1.000000000000e+00
@END

@ATOMBASIS LI
S 3 1
3.683820000000e+01  6.966860000000e-02
5.481720000000e+00  3.813460000000e-01
1.113270000000e+00  6.817020000000e-01
S 2 1
5.402050000000e-01 -2.631270000000e-01
1.022550000000e-01  1.143390000000e+00
P 2 1
5.402050000000e-01  1.615460000000e-01
1.022550000000e-01  9.156630000000e-01
S 1 1
2.856500000000e-02  1.000000000000e+00
P 1 1
2.856500000000e-02  1.000000000000e+00
S 1 1
7.400000000000e-03  1.000000000000e+00
P 1 1
7.400000000000e-03  1.000000000000e+00
@END

@ATOMBASIS BE
S 3 1
7.188760000000e+01  6.442630000000e-02
1.072890000000e+01  3.660960000000e-01
2.222050000000e+00  6.959340000000e-01
S 2 1
1.295480000000e+00 -4.210640000000e-01
2.688810000000e-01  1.224070000000e+00
P 2 1
1.295480000000e+00  2.051320000000e-01
2.688810000000e-01  8.825280000000e-01
S 1 1
7.735000000000e-02  1.000000000000e+00
P 1 1
7.735000000000e-02  1.000000000000e+00
S 1 1
2.070000000000e-02  1.000000000000e+00
P 1 1
2.070000000000e-02  1.000000000000e+00
@END

@ATOMBASIS B
S 3 1
1.164340000000e+02  6.296050000000e-02
1.743140000000e+01  3.633040000000e-01
3.680160000000e+00  6.972550000000e-01
S 2 1
2.281870000000e+00 -3.686620000000e-01
4.652480000000e-01  1.199440000000e+00
P 2 1
2.281870000000e+00  2.311520000000e-01
4.652480000000e-01  8.667640000000e-01
S 1 1
1.243280000000e-01  1.000000000000e+00
P 1 1
1.243280000000e-01  1.000000000000e+00
S 1 1
3.150000000000e-02  1.000000000000e+00
P 1 1
3.150000000000e-02  1.000000000000e+00
@END

@ATOMBASIS C
S 3 1
1.722560000000e+02  6.176690000000e-02
2.591090000000e+01  3.587940000000e-01
5.533350000000e+00  7.007130000000e-01
S 2 1
3.664980000000e+00 -3.958970000000e-01
7.705450000000e-01  1.215840000000e+00
P 2 1
3.664980000000e+00  2.364600000000e-01
7.705450000000e-01  8.606190000000e-01
S 1 1
1.958570000000e-01  1.000000000000e+00
P 1 1
1.958570000000e-01  1.000000000000e+00
S 1 1
4.380000000000e-02  1.000000000000e+00
P 1 1
4.380000000000e-02  1.000000000000e+00
@END

@ATOMBASIS N
S 3 1
2.427660000000e+02  5.986570000000e-02
3.648510000000e+01  3.529550000000e-01
7.814490000000e+00  7.065130000000e-01
S 2 1
5.425220000000e+00 -4.133010000000e-01
1.149150000000e+00  1.224420000000e+00
P 2 1
5.425220000000e+00  2.379720000000e-01
1.149150000000e+00  8.589530000000e-01
S 1 1
2.832050000000e-01  1.000000000000e+00
P 1 1
2.832050000000e-01  1.000000000000e+00
S 1 1
6.390000000000e-02  1.000000000000e+00
P 1 1
6.390000000000e-02  1.000000000000e+00
@END

@ATOMBASIS O
S 3 1
3.220370000000e+02  5.923940000000e-02
4.843080000000e+01  3.515000000000e-01
1.042060000000e+01  7.076580000000e-01
S 2 1
7.402940000000e+00 -4.044530000000e-01
1.576200000000e+00  1.221560000000e+00
P 2 1
7.402940000000e+00  2.445860000000e-01
1.576200000000e+00  8.539550000000e-01
S 1 1
3.736840000000e-01  1.000000000000e+00
P 1 1
3.736840000000e-01  1.000000000000e+00
S 1 1
8.450000000000e-02  1.000000000000e+00
P 1 1
8.450000000000e-02  1.000000000000e+00
@END

@ATOMBASIS F
S 3 1
4.138010000000e+02  5.854830000000e-02
6.224460000000e+01  3.493080000000e-01
1.343400000000e+01  7.096320000000e-01
S 2 1
9.777590000000e+00 -4.073270000000e-01
2.086170000000e+00  1.223140000000e+00
P 2 1
9.777590000000e+00  2.466800000000e-01
2.086170000000e+00  8.523210000000e-01
S 1 1
4.823830000000e-01  1.000000000000e+00
P 1 1
4.823830000000e-01  1.000000000000e+00
S 1 1
1.076000000000e-01  1.000000000000e+00
P 1 1
1.076000000000e-01  1.000000000000e+00
@END

@ATOMBASIS NE
S 3 1
5.157240000000e+02  5.814300000000e-02
7.765380000000e+01  3.479510000000e-01
1.681360000000e+01  7.107140000000e-01
S 2 1
1.248300000000e+01 -4.099220000000e-01
2.664510000000e+00  1.224310000000e+00
P 2 1
1.248300000000e+01  2.474600000000e-01
2.664510000000e+00  8.517430000000e-01
S 1 1
6.062500000000e-01  1.000000000000e+00
P 1 1
6.062500000000e-01  1.000000000000e+00
S 1 1
1.300000000000e-01  1.000000000000e+00
P 1 1
1.300000000000e-01  1.000000000000e+00
@END

@ATOMBASIS NA
S 3 1
5.476130000000e+02  6.749110000000e-02
8.206780000000e+01  3.935050000000e-01
1.769170000000e+01  6.656050000000e-01
S 3 1
1.754070000000e+01 -1.119370000000e-01
3.793980000000e+00  2.546540000000e-01
9.064410000000e-01  8.444170000000e-01
P 3 1
1.754070000000e+01  1.282330000000e-01
3.793980000000e+00  4.715330000000e-01
9.064410000000e-01  6.042730000000e-01
S 2 1
5.018240000000e-01 -2.196600000000e-01
6.094580000000e-02  1.089120000000e+00
P 2 1
5.018240000000e-01  9.066500000000e-03
6.094580000000e-02  9.972020000000e-01
S 1 1
2.443490000000e-02  1.000000000000e+00
P 1 1
2.443490000000e-02  1.000000000000e+00
S 1 1
7.600000000000e-03  1.000000000000e+00
P 1 1
7.600000000000e-03  1.000000000000e+00
@END

@ATOMBASIS MG
S 3 1
6.528410000000e+02  6.759820000000e-02
9.838050000000e+01  3.917780000000e-01
2.129960000000e+01  6.666610000000e-01
S 3 1
2.337270000000e+01 -1.102460000000e-01
5.199530000000e+00  1.841190000000e-01
1.315080000000e+00  8.963990000000e-01
P 3 1
2.337270000000e+01  1.210140000000e-01
5.199530000000e+00  4.628100000000e-01
1.315080000000e+00  6.069070000000e-01
S 2 1
6.113490000000e-01 -3.611010000000e-01
1.418410000000e-01  1.215050000000e+00
P 2 1
6.113490000000e-01  2.426330000000e-02
1.418410000000e-01  9.866730000000e-01
S 1 1
4.640110000000e-02  1.000000000000e+00
P 1 1
4.640110000000e-02  1.000000000000e+00
S 1 1
1.460000000000e-02  1.000000000000e+00
P 1 1
1.460000000000e-02  1.000000000000e+00
@END

@ATOMBASIS AL
S 3 1
7.757370000000e+02  6.683470000000e-02
1.169520000000e+02  3.890610000000e-01
2.533260000000e+01  6.694680000000e-01
S 3 1
2.947960000000e+01 -1.079020000000e-01
6.633140000000e+00  1.462450000000e-01
1.726750000000e+00  9.237300000000e-01
P 3 1
2.947960000000e+01  1.175740000000e-01
6.633140000000e+00  4.611740000000e-01
1.726750000000e+00  6.055350000000e-01
S 2 1
9.461600000000e-01 -3.203270000000e-01
2.025060000000e-01  1.184120000000e+00
P 2 1
9.461600000000e-01  5.193830000000e-02
2.025060000000e-01  9.726600000000e-01
S 1 1
6.390880000000e-02  1.000000000000e+00
P 1 1
6.390880000000e-02  1.000000000000e+00
S 1 1
3.180000000000e-02  1.000000000000e+00
P 1 1
3.180000000000e-02  1.000000000000e+00
@END

@ATOMBASIS SI
S 3 1
9.106550000000e+02  6.608230000000e-02
1.373360000000e+02  3.862290000000e-01
2.976010000000e+01  6.723800000000e-01
S 3 1
3.667160000000e+01 -1.045110000000e-01
8.317290000000e+00  1.074100000000e-01
2.216450000000e+00  9.514460000000e-01
P 3 1
3.667160000000e+01  1.133550000000e-01
8.317290000000e+00  4.575780000000e-01
2.216450000000e+00  6.074270000000e-01
S 2 1
1.079130000000e+00 -3.761080000000e-01
3.024220000000e-01  1.251650000000e+00
P 2 1
1.079130000000e+00  6.710300000000e-02
3.024220000000e-01  9.568830000000e-01
S 1 1
9.333920000000e-02  1.000000000000e+00
P 1 1
9.333920000000e-02  1.000000000000e+00
S 1 1
3.310000000000e-02  1.000000000000e+00
P 1 1
3.310000000000e-02  1.000000000000e+00
@END

@ATOMBASIS P
S 3 1
1.054900000000e+03  6.554100000000e-02
1.591950000000e+02  3.840360000000e-01
3.453040000000e+01  6.745410000000e-01
S 3 1
4.428660000000e+01 -1.021300000000e-01
1.010190000000e+01  8.159200000000e-02
2.739970000000e+00  9.697880000000e-01
P 3 1
4.428660000000e+01  1.108510000000e-01
1.010190000000e+01  4.564950000000e-01
2.739970000000e+00  6.069360000000e-01
S 2 1
1.218650000000e+00 -3.714950000000e-01
3.955460000000e-01  1.270990000000e+00
P 2 1
1.218650000000e+00  9.158200000000e-02
3.955460000000e-01  9.349240000000e-01
S 1 1
1.228110000000e-01  1.000000000000e+00
P 1 1
1.228110000000e-01  1.000000000000e+00
S 1 1
3.480000000000e-02  1.000000000000e+00
P 1 1
3.480000000000e-02  1.000000000000e+00
@END

@ATOMBASIS S
S 3 1
1.210620000000e+03  6.500700000000e-02
1.827470000000e+02  3.820400000000e-01
3.966730000000e+01  6.765450000000e-01
S 3 1
5.222360000000e+01 -1.003100000000e-01
1.196290000000e+01  6.508800000000e-02
3.289110000000e+00  9.814550000000e-01
P 3 1
5.222360000000e+01  1.096460000000e-01
1.196290000000e+01  4.576490000000e-01
3.289110000000e+00  6.042610000000e-01
S 2 1
1.223840000000e+00 -2.860890000000e-01
4.573030000000e-01  1.228060000000e+00
P 2 1
1.223840000000e+00  1.647770000000e-01
4.573030000000e-01  8.708550000000e-01
S 1 1
1.422690000000e-01  1.000000000000e+00
P 1 1
1.422690000000e-01  1.000000000000e+00
S 1 1
4.050000000000e-02  1.000000000000e+00
P 1 1
4.050000000000e-02  1.000000000000e+00
@END

@ATOMBASIS CL
S 3 1
1.376400000000e+03  6.458270000000e-02
2.078570000000e+02  3.803630000000e-01
4.515540000000e+01  6.781900000000e-01
S 3 1
6.080140000000e+01 -9.876390000000e-02
1.397650000000e+01  5.113380000000e-02
3.887100000000e+00  9.913370000000e-01
P 3 1
6.080140000000e+01  1.085980000000e-01
1.397650000000e+01  4.586820000000e-01
3.887100000000e+00  6.019620000000e-01
S 2 1
1.352990000000e+00 -2.224010000000e-01
5.269550000000e-01  1.182520000000e+00
P 2 1
1.352990000000e+00  2.192160000000e-01
5.269550000000e-01  8.223210000000e-01
S 1 1
1.667140000000e-01  1.000000000000e+00
P 1 1
1.667140000000e-01  1.000000000000e+00
S 1 1
4.830000000000e-02  1.000000000000e+00
P 1 1
4.830000000000e-02  1.000000000000e+00
@END

@ATOMBASIS AR
S 3 1
1.553710000000e+03  6.417070000000e-02
2.346780000000e+02  3.787970000000e-01
5.101210000000e+01  6.797520000000e-01
S 3 1
7.004530000000e+01 -9.746610000000e-02
1.614730000000e+01  3.905690000000e-02
4.534920000000e+00  9.999160000000e-01
P 3 1
7.004530000000e+01  1.076190000000e-01
1.614730000000e+01  4.595760000000e-01
4.534920000000e+00  6.000410000000e-01
S 2 1
1.542090000000e+00 -1.768660000000e-01
6.072670000000e-01  1.146900000000e+00
P 2 1
1.542090000000e+00  2.556870000000e-01
6.072670000000e-01  7.898420000000e-01
S 1 1
1.953730000000e-01  1.000000000000e+00
P 1 1
1.953730000000e-01  1.000000000000e+00
S 1 1
6.000000000000e-02  1.000000000000e+00
P 1 1
6.000000000000e-02  1.000000000000e+00
@END

@ATOMBASIS K
S 3 1
1.721175500000e+03  6.487470000000e-02
2.600163300000e+02  3.808593000000e-01
5.662455400000e+01  6.773681000000e-01
S 3 1
7.155720000000e+01 -1.093429000000e-01
1.543894000000e+01  1.130640000000e-01
4.474551000000e+00  9.462575000000e-01
P 3 1
7.155720000000e+01  1.339654000000e-01
1.543894000000e+01  5.302673000000e-01
4.474551000000e+00  5.117992000000e-01
S 3 1
4.121275000000e+00 -2.699730000000e-01
1.188621000000e+00  3.646323000000e-01
3.756740000000e-01  8.107533000000e-01
P 3 1
4.121275000000e+00  1.994922000000e-02
1.188621000000e+00  4.340213000000e-01
3.756740000000e-01  6.453226000000e-01
S 2 1
2.445770000000e-01 -2.688250000000e-01
3.897200000000e-02  1.128983000000e+00
P 2 1
2.445770000000e-01  3.081035000000e-04
3.897200000000e-02  9.998787000000e-01
S 1 1
1.606300000000e-02  1.000000000000e+00
P 1 1
1.606300000000e-02  1.000000000000e+00
S 1 1
4.700000000000e-03  1.000000000000e+00
P 1 1
4.700000000000e-03  1.000000000000e+00
@END

@ATOMBASIS CA
S 3 1
1.915434800000e+03  6.462400000000e-02
2.895332400000e+02  3.798380000000e-01
6.310635200000e+01  6.783290000000e-01
S 3 1
8.039744000000e+01 -1.093030000000e-01
1.733075000000e+01  1.089000000000e-01
5.083624000000e+00  9.492770000000e-01
P 3 1
8.039744000000e+01  1.354330000000e-01
1.733075000000e+01  5.372220000000e-01
5.083624000000e+00  5.018040000000e-01
S 3 1
4.782229000000e+00 -2.816070000000e-01
1.462558000000e+00  3.410510000000e-01
4.792230000000e-01  8.381040000000e-01
P 3 1
4.782229000000e+00  1.900900000000e-02
1.462558000000e+00  4.360380000000e-01
4.792230000000e-01  6.386710000000e-01
S 2 1
4.396820000000e-01 -2.697050000000e-01
5.913000000000e-02  1.113293000000e+00
P 2 1
4.396820000000e-01  3.080000000000e-04
5.913000000000e-02  9.998960000000e-01
S 1 1
2.389700000000e-02  1.000000000000e+00
P 1 1
2.389700000000e-02  1.000000000000e+00
S 1 1
7.100000000000e-03  1.000000000000e+00
P 1 1
7.100000000000e-03  1.000000000000e+00
@END
598cd4762ab005f069a938162c4d88dd