@BASIS_SET 4-22GSP

@ATOMBASIS H
S 2 1
1.301072960000e+01  1.314098500000e-01
1.962261200000e+00  9.211397300000e-01
S 2 1
4.445387000000e-01  5.227683300000e-01
1.219497000000e-01  5.476753700000e-01
@END

@ATOMBASIS HE
S 2 1
3.835494850000e+01  1.406969900000e-01
5.768909700000e+00  9.152178700000e-01
S 2 1
1.239941000000e+00  5.181357100000e-01
2.975782000000e-01  5.655798400000e-01
@END

@ATOMBASIS LI
S 4 1
6.221252700000e+00  7.807850700000e-01
2.226326620000e+01  2.424184200000e-01
9.791236390000e+01  5.071977000000e-02
6.519283988000e+02  6.651100000000e-03
S 2 1
6.332111000000e-01  4.493916400000e-01
1.931740600000e+00  6.032110100000e-01
P 2 1
6.332111000000e-01  9.782011500000e-01
1.931740600000e+00  3.119495000000e-02
S 2 1
7.245160000000e-02  5.053142400000e-01
2.810690000000e-02  5.343244200000e-01
P 2 1
7.245160000000e-02  5.607441600000e-01
2.810690000000e-02  5.041073000000e-01
@END

@ATOMBASIS BE
S 4 1
1.281423972800e+03  6.387490000000e-03
1.924560583000e+02  4.892235000000e-02
4.377835440000e+01  2.361415300000e-01
1.228075760000e+01  7.869510700000e-01
S 2 1
3.860522100000e+00  5.829253900000e-01
1.288615200000e+00  4.686490900000e-01
P 2 1
3.860522100000e+00  4.905946000000e-02
1.288615200000e+00  9.651129200000e-01
S 2 1
1.803211000000e-01  4.747599300000e-01
5.908650000000e-02  5.785515500000e-01
P 2 1
1.803211000000e-01  6.556898200000e-01
5.908650000000e-02  4.276269300000e-01
@END

@ATOMBASIS B
S 4 1
1.479897260000e+01  7.766298400000e-01
5.313843480000e+01  2.468665900000e-01
2.338579061000e+02  5.163985000000e-02
1.556518685600e+03  6.811460000000e-03
S 2 1
4.572946900000e+00  7.318617400000e-01
1.465135100000e+00  3.145084400000e-01
P 2 1
4.572946900000e+00  2.130000300000e-01
1.465135100000e+00  8.427725300000e-01
S 2 1
3.951872000000e-01  4.119663200000e-01
1.115842000000e-01  6.519406100000e-01
P 2 1
3.951872000000e-01  5.213535000000e-01
1.115842000000e-01  5.875076500000e-01
@END

@ATOMBASIS C
S 4 1
2.324664036400e+03  6.636750000000e-03
3.492218383000e+02  5.032142000000e-02
7.930064260000e+01  2.429690900000e-01
2.200625880000e+01  7.810012800000e-01
S 2 1
2.035558300000e+00  2.977252400000e-01
6.704204300000e+00  7.508875900000e-01
P 2 1
2.035558300000e+00  8.331264800000e-01
6.704204300000e+00  2.307613500000e-01
S 2 1
1.660944000000e-01  6.202031000000e-01
5.944799000000e-01  4.464955400000e-01
P 2 1
1.660944000000e-01  5.650697200000e-01
5.944799000000e-01  5.457845800000e-01
@END

@ATOMBASIS N
S 4 1
3.386199415500e+03  6.411470000000e-03
5.085936391000e+02  4.868181000000e-02
1.154091207000e+02  2.376242100000e-01
3.191269700000e+01  7.867838700000e-01
S 2 1
2.836696400000e+00  3.040602500000e-01
9.607152500000e+00  7.472116100000e-01
P 2 1
2.836696400000e+00  8.351146500000e-01
9.607152500000e+00  2.312799600000e-01
S 2 1
2.325638000000e-01  6.084391800000e-01
8.408824000000e-01  4.597621700000e-01
P 2 1
2.325638000000e-01  5.526278900000e-01
8.408824000000e-01  5.597835800000e-01
@END

@ATOMBASIS O
S 4 1
4.530857894800e+03  6.294770000000e-03
6.804484441000e+02  4.781525000000e-02
1.543018263000e+02  2.347834300000e-01
4.251652760000e+01  7.899573000000e-01
S 2 1
1.266325990000e+01  7.578719900000e-01
3.610360800000e+00  2.949348400000e-01
P 2 1
1.266325990000e+01  2.311674700000e-01
3.610360800000e+00  8.382198100000e-01
S 2 1
1.075059800000e+00  5.134954000000e-01
2.913296000000e-01  5.580518800000e-01
P 2 1
1.075059800000e+00  5.643707300000e-01
2.913296000000e-01  5.510987300000e-01
@END

@ATOMBASIS F
S 4 1
5.968405312800e+03  6.158080000000e-03
8.962249263000e+02  4.681854000000e-02
2.030952248000e+02  2.313925300000e-01
5.577547710000e+01  7.936487300000e-01
S 2 1
4.602781100000e+00  2.970974500000e-01
1.646243650000e+01  7.573727100000e-01
P 2 1
4.602781100000e+00  8.412919200000e-01
1.646243650000e+01  2.293522700000e-01
S 2 1
3.637554000000e-01  5.353186700000e-01
1.364092900000e+00  5.379498500000e-01
P 2 1
3.637554000000e-01  5.474636500000e-01
1.364092900000e+00  5.704022400000e-01
@END

@ATOMBASIS NE
S 4 1
7.685459390800e+03  7.971747100000e-01
1.153908512600e+03  2.281353300000e-01
2.613137988000e+02  4.587396000000e-02
7.153455110000e+01  6.028390000000e-03
S 2 1
2.094394750000e+01  7.532955200000e-01
5.782204900000e+00  3.027627900000e-01
P 2 1
2.094394750000e+01  2.271806200000e-01
5.782204900000e+00  8.440253600000e-01
S 2 1
1.704200400000e+00  5.484446100000e-01
4.490377000000e-01  5.259748800000e-01
P 2 1
1.704200400000e+00  5.753750700000e-01
4.490377000000e-01  5.442606600000e-01
@END

@ATOMBASIS NA
S 4 1
5.900587155760e+04  4.739390000000e-03
8.843173879500e+03  3.779888000000e-02
2.008730596400e+03  1.901398300000e-01
5.619473615000e+02  8.323931800000e-01
S 4 1
1.765722672000e+02  1.226988700000e-01
6.011032460000e+01  3.167732500000e-01
2.195871850000e+01  4.707106200000e-01
8.290212900000e+00  2.096889700000e-01
P 4 1
1.765722672000e+02  1.362284000000e-02
6.011032460000e+01  5.599760000000e-02
2.195871850000e+01  2.458705800000e-01
8.290212900000e+00  7.716631600000e-01
S 3 1
3.136911100000e+00  1.587859400000e-01
1.162352500000e+00  7.083180400000e-01
4.171313000000e-01  1.868763000000e-01
P 3 1
3.136911100000e+00  4.099223800000e-01
1.162352500000e+00  4.832792900000e-01
4.171313000000e-01  2.477755400000e-01
S 1 1
4.160680000000e-02  1.000000000000e+00
P 1 1
4.160680000000e-02  1.000000000000e+00
@END

@ATOMBASIS MG
S 4 1
7.284235243520e+04  4.705750000000e-03
1.091645507430e+04  3.764326000000e-02
2.479235135700e+03  1.887943300000e-01
6.928397742000e+02  8.336770100000e-01
S 4 1
2.170903788000e+02  1.188871000000e-01
7.367846020000e+01  3.113488100000e-01
2.688307900000e+01  4.717284100000e-01
1.017580590000e+01  2.178334600000e-01
P 4 1
2.170903788000e+02  1.331108000000e-02
7.367846020000e+01  5.554740000000e-02
2.688307900000e+01  2.461045800000e-01
1.017580590000e+01  7.715387700000e-01
S 3 1
3.888057400000e+00  1.453501400000e-01
1.484214600000e+00  7.266952900000e-01
5.645307000000e-01  1.744478100000e-01
P 3 1
3.888057400000e+00  4.284674800000e-01
1.484214600000e+00  4.810072400000e-01
5.645307000000e-01  2.179877000000e-01
S 1 1
7.083220000000e-02  1.000000000000e+00
P 1 1
7.083220000000e-02  1.000000000000e+00
@END

@ATOMBASIS AL
S 4 1
6.284768542370e+04  4.757060000000e-03
9.420169484900e+03  3.784895000000e-02
2.138101044800e+03  1.905819200000e-01
5.952858128000e+02  8.322764000000e-01
S 4 1
1.844777021000e+02  1.703425900000e-01
6.157337330000e+01  4.072904200000e-01
2.214917920000e+01  4.473109300000e-01
7.844353200000e+00  8.860339000000e-02
P 4 1
1.844777021000e+02  1.483406000000e-02
6.157337330000e+01  5.880090000000e-02
2.214917920000e+01  2.651505800000e-01
7.844353200000e+00  7.596923300000e-01
S 2 1
2.845543800000e+00  5.718591900000e-01
1.027028400000e+00  4.732452200000e-01
P 2 1
2.845543800000e+00  6.363300700000e-01
1.027028400000e+00  4.352138800000e-01
S 2 1
1.999730000000e-01  4.559290700000e-01
6.422400000000e-02  5.986403100000e-01
P 2 1
1.999730000000e-01  4.834448400000e-01
6.422400000000e-02  6.057942200000e-01
@END

@ATOMBASIS SI
S 4 1
7.726841073920e+04  4.717270000000e-03
1.158104064380e+04  3.765241000000e-02
2.628144246500e+03  1.890817500000e-01
7.311099317000e+02  8.336970800000e-01
S 4 1
2.261265206000e+02  1.610287800000e-01
7.534502200000e+01  3.941668600000e-01
2.709086420000e+01  4.578322600000e-01
9.684206100000e+00  1.016937500000e-01
P 4 1
2.261265206000e+02  1.431625000000e-02
7.534502200000e+01  5.813094000000e-02
2.709086420000e+01  2.628430900000e-01
9.684206100000e+00  7.612441100000e-01
S 2 1
3.563053000000e+00  5.334105800000e-01
1.321093800000e+00  5.098776100000e-01
P 2 1
3.563053000000e+00  6.397579800000e-01
1.321093800000e+00  4.280609300000e-01
S 2 1
2.954805000000e-01  4.421499500000e-01
9.299310000000e-02  6.137125700000e-01
P 2 1
2.954805000000e-01  5.146211400000e-01
9.299310000000e-02  5.784446100000e-01
@END

@ATOMBASIS P
S 4 1
9.235770879880e+04  4.685800000000e-03
1.384204110940e+04  3.749475000000e-02
3.140724249000e+03  1.878911600000e-01
8.729328398000e+02  8.348367100000e-01
S 4 1
2.694195861000e+02  1.551818600000e-01
8.958495930000e+01  3.860612800000e-01
3.218731170000e+01  4.639498100000e-01
1.157634310000e+01  1.101390300000e-01
P 4 1
2.694195861000e+02  1.395191000000e-02
8.958495930000e+01  5.772958000000e-02
3.218731170000e+01  2.615857100000e-01
1.157634310000e+01  7.620385000000e-01
S 2 1
4.302789300000e+00  5.134947700000e-01
1.629729300000e+00  5.280782400000e-01
P 2 1
4.302789300000e+00  6.477859400000e-01
1.629729300000e+00  4.168122200000e-01
S 2 1
4.006409000000e-01  4.350584300000e-01
1.255322000000e-01  6.209085000000e-01
P 2 1
4.006409000000e-01  5.381354900000e-01
1.255322000000e-01  5.559009600000e-01
@END

@ATOMBASIS S
S 4 1
1.052077772116e+05  4.666260000000e-03
1.576760700910e+04  3.738270000000e-02
3.576849133300e+03  1.871641700000e-01
9.929695812000e+02  8.355772900000e-01
S 4 1
3.055446294000e+02  1.563136100000e-01
1.012488590000e+02  3.900734600000e-01
3.631918550000e+01  4.627498300000e-01
1.306567170000e+01  1.057229500000e-01
P 4 1
3.055446294000e+02  1.389503000000e-02
1.012488590000e+02  5.812291000000e-02
3.631918550000e+01  2.632335500000e-01
1.306567170000e+01  7.604020800000e-01
S 2 1
4.877148900000e+00  5.422623600000e-01
1.879444500000e+00  4.978607100000e-01
P 2 1
4.877148900000e+00  6.744959200000e-01
1.879444500000e+00  3.860829800000e-01
S 2 1
4.998451000000e-01  4.784586600000e-01
1.519600000000e-01  5.816080200000e-01
P 2 1
4.998451000000e-01  5.649461900000e-01
1.519600000000e-01  5.333847000000e-01
@END

@ATOMBASIS CL
S 4 1
1.179808604631e+05  4.650320000000e-03
1.768161590090e+04  3.728028000000e-02
4.010119593800e+03  1.865950500000e-01
1.111872029600e+03  8.361813500000e-01
S 4 1
3.410574740000e+02  1.588525800000e-01
1.126038045000e+02  3.965106400000e-01
4.031473570000e+01  4.599212600000e-01
1.448710150000e+01  9.890034000000e-02
P 4 1
3.410574740000e+02  1.388550000000e-02
1.126038045000e+02  5.867183000000e-02
4.031473570000e+01  2.651768500000e-01
1.448710150000e+01  7.585582900000e-01
S 2 1
5.417376500000e+00  5.836808100000e-01
2.107038800000e+00  4.551475600000e-01
P 2 1
5.417376500000e+00  7.052671200000e-01
2.107038800000e+00  3.515798400000e-01
S 2 1
6.031114000000e-01  5.091668000000e-01
1.819077000000e-01  5.521543700000e-01
P 2 1
6.031114000000e-01  5.920643100000e-01
1.819077000000e-01  5.068225900000e-01
@END

@ATOMBASIS AR
S 4 1
1.310464732433e+05  4.636240000000e-03
1.963952538670e+04  3.718266000000e-02
4.453136419300e+03  1.861106200000e-01
1.233165529000e+03  8.367111700000e-01
S 4 1
3.770737869000e+02  1.619051100000e-01
1.240361793000e+02  4.037552500000e-01
4.431532410000e+01  4.562756800000e-01
1.590074000000e+01  9.149139000000e-02
P 4 1
3.770737869000e+02  1.388563000000e-02
1.240361793000e+02  5.929867000000e-02
4.431532410000e+01  2.670314200000e-01
1.590074000000e+01  7.567961800000e-01
S 2 1
5.948162900000e+00  6.304498100000e-01
2.313892000000e+00  4.070713700000e-01
P 2 1
5.948162900000e+00  7.371650700000e-01
2.313892000000e+00  3.163720800000e-01
S 2 1
7.074051000000e-01  4.777357400000e-01
2.141649000000e-01  5.248880200000e-01
P 2 1
7.074051000000e-01  6.193969200000e-01
2.141649000000e-01  5.361868500000e-01
@END
ec9c64355a5fb134aa57436eb651a88e