@BASIS_SET 4-31G

@ATOMBASIS H
S 3 1
1.873113700000e+01  3.349460000000e-02
2.825394400000e+00  2.347269000000e-01
6.401217000000e-01  8.137573000000e-01
S 1 1
1.612778000000e-01  1.000000000000e+00
@END

@ATOMBASIS HE
S 3 1
3.842163400000e+01  2.376600000000e-02
5.778030000000e+00  1.546790000000e-01
1.241774000000e+00  4.696300000000e-01
S 1 1
2.979640000000e-01  1.000000000000e+00
@END

@ATOMBASIS LI
S 5 1
2.753944400000e+02  6.121850000000e-03
4.143517500000e+01  4.511296000000e-02
9.366993800000e+00  1.926941500000e-01
2.537725300000e+00  4.685442100000e-01
7.466365000000e-01  4.406075200000e-01
S 2 1
7.345643000000e-01 -2.525368000000e-01
8.719800000000e-02  1.097340800000e+00
P 2 1
7.345643000000e-01  1.435917300000e-01
8.719800000000e-02  9.478030500000e-01
S 1 1
4.043870000000e-02  1.000000000000e+00
P 1 1
4.043870000000e-02  1.000000000000e+00
@END

@ATOMBASIS BE
S 5 1
5.540100000000e+02  5.409970000000e-03
8.326310000000e+01  4.025150000000e-02
1.886350000000e+01  1.768580000000e-01
5.177820000000e+00  4.525590000000e-01
1.556020000000e+00  4.702930000000e-01
S 2 1
1.441752500000e+00 -4.774290000000e-01
3.018611000000e-01  1.247450000000e+00
P 2 1
1.441752500000e+00  2.011420000000e-01
3.018611000000e-01  8.844830000000e-01
S 1 1
1.009614000000e-01  1.000000000000e+00
P 1 1
1.009614000000e-01  1.000000000000e+00
@END

@ATOMBASIS B
S 4 1
3.307528500000e+02  1.799420000000e-02
4.984386500000e+01  1.246937000000e-01
1.111705400000e+01  4.343354000000e-01
2.922724300000e+00  5.609794000000e-01
S 3 1
5.681264600000e+00 -1.303871000000e-01
1.454404600000e+00 -2.514344000000e-01
4.283786000000e-01  1.205129200000e+00
P 3 1
5.681264600000e+00  6.374290000000e-02
1.454404600000e+00  2.761331000000e-01
4.283786000000e-01  7.773866000000e-01
S 1 1
1.442192000000e-01  1.000000000000e+00
P 1 1
1.442192000000e-01  1.000000000000e+00
@END

@ATOMBASIS C
S 4 1
4.869669300000e+02  1.772580000000e-02
7.337109400000e+01  1.234787000000e-01
1.641345800000e+01  4.338754000000e-01
4.344983600000e+00  5.615042000000e-01
S 3 1
8.673525300000e+00 -1.213837000000e-01
2.096619300000e+00 -2.273385000000e-01
6.046513000000e-01  1.185173900000e+00
P 3 1
8.673525300000e+00  6.354540000000e-02
2.096619300000e+00  2.982678000000e-01
6.046513000000e-01  7.621032000000e-01
S 1 1
1.835578000000e-01  1.000000000000e+00
P 1 1
1.835578000000e-01  1.000000000000e+00
@END

@ATOMBASIS N
S 4 1
6.712795000000e+02  1.759825100000e-02
1.012017000000e+02  1.228462400000e-01
2.269997000000e+01  4.337821400000e-01
6.040609000000e+00  5.614182200000e-01
S 3 1
1.239359970000e+01 -1.174893000000e-01
2.922382800000e+00 -2.139940200000e-01
8.325281000000e-01  1.174502100000e+00
P 3 1
1.239359970000e+01  6.402034400000e-02
2.922382800000e+00  3.112025500000e-01
8.325281000000e-01  7.527482400000e-01
S 1 1
2.259640000000e-01  1.000000000000e+00
P 1 1
2.259640000000e-01  1.000000000000e+00
@END

@ATOMBASIS O
S 4 1
8.832728600000e+02  1.755060000000e-02
1.331292800000e+02  1.228292000000e-01
2.990640800000e+01  4.348836000000e-01
7.978677200000e+00  5.600108000000e-01
S 3 1
1.619444700000e+01 -1.134010000000e-01
3.780086000000e+00 -1.772865000000e-01
1.070983600000e+00  1.150407900000e+00
P 3 1
1.619444700000e+01  6.854530000000e-02
3.780086000000e+00  3.312254000000e-01
1.070983600000e+00  7.346079000000e-01
S 1 1
2.838798000000e-01  1.000000000000e+00
P 1 1
2.838798000000e-01  1.000000000000e+00
@END

@ATOMBASIS F
S 4 1
1.126163000000e+03  1.747580000000e-02
1.697432000000e+02  1.225230000000e-01
3.818151000000e+01  4.349990000000e-01
1.021204000000e+01  5.598120000000e-01
S 3 1
2.149537000000e+01 -1.110570000000e-01
4.989778000000e+00 -1.683220000000e-01
1.403574000000e+00  1.143626000000e+00
P 3 1
2.149537000000e+01  6.988800000000e-02
4.989778000000e+00  3.393880000000e-01
1.403574000000e+00  7.279590000000e-01
S 1 1
3.730318000000e-01  1.000000000000e+00
P 1 1
3.730318000000e-01  1.000000000000e+00
@END

@ATOMBASIS NE
S 4 1
1.397932100000e+03  1.742380500000e-02
2.107697800000e+02  1.222727500000e-01
4.746725700000e+01  4.350142300000e-01
1.272262600000e+01  5.597146400000e-01
S 3 1
2.721303300000e+01 -1.096094400000e-01
6.294134400000e+00 -1.641248900000e-01
1.760051300000e+00  1.140151600000e+00
P 3 1
2.721303300000e+01  7.044030700000e-02
6.294134400000e+00  3.439930500000e-01
1.760051300000e+00  7.245149600000e-01
S 1 1
4.618670000000e-01  1.000000000000e+00
P 1 1
4.618670000000e-01  1.000000000000e+00
@END

@ATOMBASIS P
S 4 1
3.018671800000e+03  1.852131400000e-02
4.551271210000e+02  1.299048600000e-01
1.023147300000e+02  4.551002900000e-01
2.761784730000e+01  5.331318600000e-01
S 4 1
1.144294010000e+02 -2.475029600000e-02
2.658229590000e+01 -1.350924600000e-01
7.871888900000e+00  2.277360800000e-01
2.487857200000e+00  8.755931200000e-01
P 4 1
1.144294010000e+02  2.741400200000e-02
2.658229590000e+01  1.690791400000e-01
7.871888900000e+00  4.691020900000e-01
2.487857200000e+00  5.181530600000e-01
S 3 1
5.075061900000e+01 -4.511922300000e-02
1.672862400000e+00 -8.504729900000e-01
6.210974000000e-01  1.596285800000e+00
P 3 1
5.075061900000e+01  3.779071200000e-03
1.672862400000e+00 -4.634384000000e-02
6.210974000000e-01  1.033944300000e+00
S 1 1
1.670160000000e-01  1.000000000000e+00
P 1 1
1.670160000000e-01  1.000000000000e+00
@END

@ATOMBASIS S
S 4 1
3.442124400000e+03  1.849210000000e-02
5.189131000000e+02  1.298220000000e-01
1.166909000000e+02  4.550418000000e-01
3.157164700000e+01  5.330084000000e-01
S 4 1
1.274405800000e+02 -2.726460000000e-02
2.974766700000e+01 -1.424834000000e-01
8.834664200000e+00  2.597043000000e-01
2.817389800000e+00  8.525473000000e-01
P 4 1
1.274405800000e+02  2.915200000000e-02
2.974766700000e+01  1.779597000000e-01
8.834664200000e+00  4.836237000000e-01
2.817389800000e+00  4.942553000000e-01
S 3 1
3.729185400000e+00 -2.775315000000e-01
1.406770200000e+00 -4.576435000000e-01
5.481100000000e-01  1.431684300000e+00
P 3 1
3.729185400000e+00 -3.375090000000e-02
1.406770200000e+00  1.457110000000e-01
5.481100000000e-01  8.982887000000e-01
S 1 1
1.703809000000e-01  1.000000000000e+00
P 1 1
1.703809000000e-01  1.000000000000e+00
@END

@ATOMBASIS CL
S 4 1
3.910302600000e+03  1.837940000000e-02
5.895518000000e+02  1.291401000000e-01
1.325939200000e+02  4.540448000000e-01
3.590354200000e+01  5.344394000000e-01
S 4 1
1.477653500000e+02 -2.674330000000e-02
3.450607500000e+01 -1.446911000000e-01
1.028647100000e+01  2.517035000000e-01
3.311147300000e+00  8.598203000000e-01
P 4 1
1.477653500000e+02  2.886450000000e-02
3.450607500000e+01  1.779647000000e-01
1.028647100000e+01  4.869998000000e-01
3.311147300000e+00  4.890184000000e-01
S 3 1
4.280284900000e+00 -2.703963000000e-01
1.641016700000e+00 -3.416297000000e-01
6.144785000000e-01  1.350024500000e+00
P 3 1
4.280284900000e+00 -3.670280000000e-02
1.641016700000e+00  1.918492000000e-01
6.144785000000e-01  8.643376000000e-01
S 1 1
1.956594000000e-01  1.000000000000e+00
P 1 1
1.956594000000e-01  1.000000000000e+00
@END
f87a311019bf45cb5f70e8e7f554e119