@BASIS_SET 6-31G

@ATOMBASIS H
S 3  1
1.873113700000e+01  3.349460000000e-02
2.825393700000e+00  2.347269500000e-01
6.401217000000e-01  8.137573300000e-01
S 1  1
1.612778000000e-01  1.000000000000e+00
@END

@ATOMBASIS HE
S 3  1
3.842163400000e+01  2.376600000000e-02
5.778030000000e+00  1.546790000000e-01
1.241774000000e+00  4.696300000000e-01
S 1  1
2.979640000000e-01  1.000000000000e+00
@END

@ATOMBASIS LI
S 6  1
6.424189200000e+02  2.142600000000e-03
9.679851500000e+01  1.620890000000e-02
2.209112100000e+01  7.731560000000e-02
6.201070300000e+00  2.457860000000e-01
1.935117700000e+00  4.701890000000e-01
6.367358000000e-01  3.454708000000e-01
S 3  1
2.324918400000e+00 -3.509170000000e-02
6.324306000000e-01 -1.912328000000e-01
7.905340000000e-02  1.083987800000e+00
P 3  1
2.324918400000e+00  8.941500000000e-03
6.324306000000e-01  1.410095000000e-01
7.905340000000e-02  9.453637000000e-01
S 1  1
3.596200000000e-02  1.000000000000e+00
P 1  1
3.596200000000e-02  1.000000000000e+00
@END

@ATOMBASIS BE
S 6  1
1.264585700000e+03  1.944800000000e-03
1.899368100000e+02  1.483510000000e-02
4.315908900000e+01  7.209060000000e-02
1.209866300000e+01  2.371542000000e-01
3.806323200000e+00  4.691987000000e-01
1.272890300000e+00  3.565202000000e-01
S 3  1
3.196463100000e+00 -1.126487000000e-01
7.478133000000e-01 -2.295064000000e-01
2.199663000000e-01  1.186916700000e+00
P 3  1
3.196463100000e+00  5.598020000000e-02
7.478133000000e-01  2.615506000000e-01
2.199663000000e-01  7.939723000000e-01
S 1  1
8.230990000000e-02  1.000000000000e+00
P 1  1
8.230990000000e-02  1.000000000000e+00
@END

@ATOMBASIS B
S 6  1
2.068882300000e+03  1.866300000000e-03
3.106495700000e+02  1.425150000000e-02
7.068303300000e+01  6.955160000000e-02
1.986108000000e+01  2.325729000000e-01
6.299304800000e+00  4.670787000000e-01
2.127027000000e+00  3.634314000000e-01
S 3  1
4.727971000000e+00 -1.303938000000e-01
1.190337700000e+00 -1.307889000000e-01
3.594117000000e-01  1.130944400000e+00
P 3  1
4.727971000000e+00  7.459760000000e-02
1.190337700000e+00  3.078467000000e-01
3.594117000000e-01  7.434568000000e-01
S 1  1
1.267512000000e-01  1.000000000000e+00
P 1  1
1.267512000000e-01  1.000000000000e+00
@END

@ATOMBASIS C
S 6  1
3.047524900000e+03  1.834700000000e-03
4.573695100000e+02  1.403730000000e-02
1.039486900000e+02  6.884260000000e-02
2.921015500000e+01  2.321844000000e-01
9.286663000000e+00  4.679413000000e-01
3.163927000000e+00  3.623120000000e-01
S 3  1
7.868272400000e+00 -1.193324000000e-01
1.881288500000e+00 -1.608542000000e-01
5.442493000000e-01  1.143456400000e+00
P 3  1
7.868272400000e+00  6.899910000000e-02
1.881288500000e+00  3.164240000000e-01
5.442493000000e-01  7.443083000000e-01
S 1  1
1.687144000000e-01  1.000000000000e+00
P 1  1
1.687144000000e-01  1.000000000000e+00
@END

@ATOMBASIS N
S 6  1
4.173511000000e+03  1.834800000000e-03
6.274579000000e+02  1.399500000000e-02
1.429021000000e+02  6.858700000000e-02
4.023433000000e+01  2.322410000000e-01
1.282021000000e+01  4.690700000000e-01
4.390437000000e+00  3.604550000000e-01
S 3  1
1.162635800000e+01 -1.149610000000e-01
2.716280000000e+00 -1.691180000000e-01
7.722180000000e-01  1.145852000000e+00
P 3  1
1.162635800000e+01  6.758000000000e-02
2.716280000000e+00  3.239070000000e-01
7.722180000000e-01  7.408950000000e-01
S 1  1
2.120313000000e-01  1.000000000000e+00
P 1  1
2.120313000000e-01  1.000000000000e+00
@END

@ATOMBASIS O
S 6  1
5.484671700000e+03  1.831100000000e-03
8.252349500000e+02  1.395010000000e-02
1.880469600000e+02  6.844510000000e-02
5.296450000000e+01  2.327143000000e-01
1.689757000000e+01  4.701930000000e-01
5.799635300000e+00  3.585209000000e-01
S 3  1
1.553961600000e+01 -1.107775000000e-01
3.599933600000e+00 -1.480263000000e-01
1.013761800000e+00  1.130767000000e+00
P 3  1
1.553961600000e+01  7.087430000000e-02
3.599933600000e+00  3.397528000000e-01
1.013761800000e+00  7.271586000000e-01
S 1  1
2.700058000000e-01  1.000000000000e+00
P 1  1
2.700058000000e-01  1.000000000000e+00
@END

@ATOMBASIS F
S 6  1
7.001713090000e+03  1.819616900000e-03
1.051366090000e+03  1.391607960000e-02
2.392856900000e+02  6.840532450000e-02
6.739744530000e+01  2.331857600000e-01
2.151995730000e+01  4.712674390000e-01
7.403101300000e+00  3.566185460000e-01
S 3  1
2.084795280000e+01 -1.085069750000e-01
4.808308340000e+00 -1.464516580000e-01
1.344069860000e+00  1.128688580000e+00
P 3  1
2.084795280000e+01  7.162872430000e-02
4.808308340000e+00  3.459121030000e-01
1.344069860000e+00  7.224699570000e-01
S 1  1
3.581513930000e-01  1.000000000000e+00
P 1  1
3.581513930000e-01  1.000000000000e+00
@END

@ATOMBASIS NE
S 6  1
8.425851530000e+03  1.884348100000e-03
1.268519400000e+03  1.433689940000e-02
2.896214140000e+02  7.010962330000e-02
8.185900400000e+01  2.373732660000e-01
2.625150790000e+01  4.730071260000e-01
9.094720510000e+00  3.484012410000e-01
S 3  1
2.653213100000e+01 -1.071182870000e-01
6.101755010000e+00 -1.461638210000e-01
1.696271530000e+00  1.127773500000e+00
P 3  1
2.653213100000e+01  7.190958850000e-02
6.101755010000e+00  3.495133720000e-01
1.696271530000e+00  7.199405120000e-01
S 1  1
4.458187000000e-01  1.000000000000e+00
P 1  1
4.458187000000e-01  1.000000000000e+00
@END

@ATOMBASIS NA
S 6  1
9.993200000000e+03  1.937700000000e-03
1.499890000000e+03  1.480700000000e-02
3.419510000000e+02  7.270600000000e-02
9.467970000000e+01  2.526290000000e-01
2.973450000000e+01  4.932420000000e-01
1.000630000000e+01  3.131690000000e-01
S 6  1
1.509630000000e+02 -3.542100000000e-03
3.558780000000e+01 -4.395900000000e-02
1.116830000000e+01 -1.097521000000e-01
3.902010000000e+00  1.873980000000e-01
1.381770000000e+00  6.466990000000e-01
4.663820000000e-01  3.060580000000e-01
P 6  1
1.509630000000e+02  5.001700000000e-03
3.558780000000e+01  3.551100000000e-02
1.116830000000e+01  1.428250000000e-01
3.902010000000e+00  3.386200000000e-01
1.381770000000e+00  4.515790000000e-01
4.663820000000e-01  2.732710000000e-01
S 3  1
4.979660000000e-01 -2.485030000000e-01
8.435300000000e-02 -1.317040000000e-01
6.663500000000e-02  1.233520000000e+00
P 3  1
4.979660000000e-01 -2.302300000000e-02
8.435300000000e-02  9.503590000000e-01
6.663500000000e-02  5.985800000000e-02
S 1  1
2.595440000000e-02  1.000000000000e+00
P 1  1
2.595440000000e-02  1.000000000000e+00
@END

@ATOMBASIS MG
S 6  1
1.172280000000e+04  1.977800000000e-03
1.759930000000e+03  1.511400000000e-02
4.008460000000e+02  7.391100000000e-02
1.128070000000e+02  2.491910000000e-01
3.599970000000e+01  4.879280000000e-01
1.218280000000e+01  3.196620000000e-01
S 6  1
1.891800000000e+02 -3.237200000000e-03
4.521190000000e+01 -4.100800000000e-02
1.435630000000e+01 -1.126000000000e-01
5.138860000000e+00  1.486330000000e-01
1.906520000000e+00  6.164970000000e-01
7.058870000000e-01  3.648290000000e-01
P 6  1
1.891800000000e+02  4.928100000000e-03
4.521190000000e+01  3.498900000000e-02
1.435630000000e+01  1.407250000000e-01
5.138860000000e+00  3.336420000000e-01
1.906520000000e+00  4.449400000000e-01
7.058870000000e-01  2.692540000000e-01
S 3  1
9.293400000000e-01 -2.122900000000e-01
2.690350000000e-01 -1.079850000000e-01
1.173790000000e-01  1.175840000000e+00
P 3  1
9.293400000000e-01 -2.241900000000e-02
2.690350000000e-01  1.922700000000e-01
1.173790000000e-01  8.461810000000e-01
S 1  1
4.210610000000e-02  1.000000000000e+00
P 1  1
4.210610000000e-02  1.000000000000e+00
@END

@ATOMBASIS AL
S 6  1
1.398310000000e+04  1.942670000000e-03
2.098750000000e+03  1.485990000000e-02
4.777050000000e+02  7.284940000000e-02
1.343600000000e+02  2.468300000000e-01
4.287090000000e+01  4.872580000000e-01
1.451890000000e+01  3.234960000000e-01
S 6  1
2.396680000000e+02 -2.926190000000e-03
5.744190000000e+01 -3.740800000000e-02
1.828590000000e+01 -1.144870000000e-01
6.599140000000e+00  1.156350000000e-01
2.490490000000e+00  6.125950000000e-01
9.445400000000e-01  3.937990000000e-01
P 6  1
2.396680000000e+02  4.602850000000e-03
5.744190000000e+01  3.319900000000e-02
1.828590000000e+01  1.362820000000e-01
6.599140000000e+00  3.304760000000e-01
2.490490000000e+00  4.491460000000e-01
9.445400000000e-01  2.657040000000e-01
S 3  1
1.277900000000e+00 -2.276060000000e-01
3.975900000000e-01  1.445830000000e-03
1.600950000000e-01  1.092790000000e+00
P 3  1
1.277900000000e+00 -1.751300000000e-02
3.975900000000e-01  2.445330000000e-01
1.600950000000e-01  8.049340000000e-01
S 1  1
5.565770000000e-02  1.000000000000e+00
P 1  1
5.565770000000e-02  1.000000000000e+00
@END

@ATOMBASIS SI
S 6  1
1.611590000000e+04  1.959480000000e-03
2.425580000000e+03  1.492880000000e-02
5.538670000000e+02  7.284780000000e-02
1.563400000000e+02  2.461300000000e-01
5.006830000000e+01  4.859140000000e-01
1.701780000000e+01  3.250020000000e-01
S 6  1
2.927180000000e+02 -2.780940000000e-03
6.987310000000e+01 -3.571460000000e-02
2.233630000000e+01 -1.149850000000e-01
8.150390000000e+00  9.356340000000e-02
3.134580000000e+00  6.030170000000e-01
1.225430000000e+00  4.189590000000e-01
P 6  1
2.927180000000e+02  4.438260000000e-03
6.987310000000e+01  3.266790000000e-02
2.233630000000e+01  1.347210000000e-01
8.150390000000e+00  3.286780000000e-01
3.134580000000e+00  4.496400000000e-01
1.225430000000e+00  2.613720000000e-01
S 3  1
1.727380000000e+00 -2.446300000000e-01
5.729220000000e-01  4.315720000000e-03
2.221920000000e-01  1.098180000000e+00
P 3  1
1.727380000000e+00 -1.779510000000e-02
5.729220000000e-01  2.535390000000e-01
2.221920000000e-01  8.006690000000e-01
S 1  1
7.783690000000e-02  1.000000000000e+00
P 1  1
7.783690000000e-02  1.000000000000e+00
@END

@ATOMBASIS P
S 6  1
1.941330000000e+04  1.851600000000e-03
2.909420000000e+03  1.420620000000e-02
6.613640000000e+02  6.999950000000e-02
1.857590000000e+02  2.400790000000e-01
5.919430000000e+01  4.847620000000e-01
2.003100000000e+01  3.352000000000e-01
S 6  1
3.394780000000e+02 -2.782170000000e-03
8.101010000000e+01 -3.604990000000e-02
2.587800000000e+01 -1.166310000000e-01
9.452210000000e+00  9.683280000000e-02
3.665660000000e+00  6.144180000000e-01
1.467460000000e+00  4.037980000000e-01
P 6  1
3.394780000000e+02  4.564620000000e-03
8.101010000000e+01  3.369360000000e-02
2.587800000000e+01  1.397550000000e-01
9.452210000000e+00  3.393620000000e-01
3.665660000000e+00  4.509210000000e-01
1.467460000000e+00  2.385860000000e-01
S 3  1
2.156230000000e+00 -2.529230000000e-01
7.489970000000e-01  3.285170000000e-02
2.831450000000e-01  1.081250000000e+00
P 3  1
2.156230000000e+00 -1.776530000000e-02
7.489970000000e-01  2.740580000000e-01
2.831450000000e-01  7.854210000000e-01
S 1  1
9.983170000000e-02  1.000000000000e+00
P 1  1
9.983170000000e-02  1.000000000000e+00
@END

@ATOMBASIS S
S 6  1
2.191710000000e+04  1.869000000000e-03
3.301490000000e+03  1.423000000000e-02
7.541460000000e+02  6.969600000000e-02
2.127110000000e+02  2.384870000000e-01
6.798960000000e+01  4.833070000000e-01
2.305150000000e+01  3.380740000000e-01
S 6  1
4.237350000000e+02 -2.376700000000e-03
1.007100000000e+02 -3.169300000000e-02
3.215990000000e+01 -1.133170000000e-01
1.180790000000e+01  5.609000000000e-02
4.631100000000e+00  5.922550000000e-01
1.870250000000e+00  4.550060000000e-01
P 6  1
4.237350000000e+02  4.061000000000e-03
1.007100000000e+02  3.068100000000e-02
3.215990000000e+01  1.304520000000e-01
1.180790000000e+01  3.272050000000e-01
4.631100000000e+00  4.528510000000e-01
1.870250000000e+00  2.560420000000e-01
S 3  1
2.615840000000e+00 -2.503740000000e-01
9.221670000000e-01  6.695700000000e-02
3.412870000000e-01  1.054510000000e+00
P 3  1
2.615840000000e+00 -1.451100000000e-02
9.221670000000e-01  3.102630000000e-01
3.412870000000e-01  7.544830000000e-01
S 1  1
1.171670000000e-01  1.000000000000e+00
P 1  1
1.171670000000e-01  1.000000000000e+00
@END

@ATOMBASIS CL
S 6  1
2.518010000000e+04  1.833000000000e-03
3.780350000000e+03  1.403400000000e-02
8.604740000000e+02  6.909700000000e-02
2.421450000000e+02  2.374520000000e-01
7.733490000000e+01  4.830340000000e-01
2.624700000000e+01  3.398560000000e-01
S 6  1
4.917650000000e+02 -2.297400000000e-03
1.169840000000e+02 -3.071400000000e-02
3.741530000000e+01 -1.125280000000e-01
1.378340000000e+01  4.501600000000e-02
5.452150000000e+00  5.893530000000e-01
2.225880000000e+00  4.652060000000e-01
P 6  1
4.917650000000e+02  3.989400000000e-03
1.169840000000e+02  3.031800000000e-02
3.741530000000e+01  1.298800000000e-01
1.378340000000e+01  3.279510000000e-01
5.452150000000e+00  4.535270000000e-01
2.225880000000e+00  2.521540000000e-01
S 3  1
3.186490000000e+00 -2.518300000000e-01
1.144270000000e+00  6.158900000000e-02
4.203770000000e-01  1.060180000000e+00
P 3  1
3.186490000000e+00 -1.429900000000e-02
1.144270000000e+00  3.235720000000e-01
4.203770000000e-01  7.435070000000e-01
S 1  1
1.426570000000e-01  1.000000000000e+00
P 1  1
1.426570000000e-01  1.000000000000e+00
@END

@ATOMBASIS AR
S 6  1
2.834830000000e+04  1.825260000000e-03
4.257620000000e+03  1.396860000000e-02
9.698570000000e+02  6.870730000000e-02
2.732630000000e+02  2.362040000000e-01
8.736950000000e+01  4.822140000000e-01
2.968670000000e+01  3.420430000000e-01
S 6  1
5.758910000000e+02 -2.159720000000e-03
1.368160000000e+02 -2.907750000000e-02
4.380980000000e+01 -1.108270000000e-01
1.620940000000e+01  2.769990000000e-02
6.460840000000e+00  5.776130000000e-01
2.651140000000e+00  4.886880000000e-01
P 6  1
5.758910000000e+02  3.806650000000e-03
1.368160000000e+02  2.923050000000e-02
4.380980000000e+01  1.264670000000e-01
1.620940000000e+01  3.235100000000e-01
6.460840000000e+00  4.548960000000e-01
2.651140000000e+00  2.566300000000e-01
S 3  1
3.860280000000e+00 -2.555920000000e-01
1.413730000000e+00  3.780660000000e-02
5.166460000000e-01  1.080560000000e+00
P 3  1
3.860280000000e+00 -1.591970000000e-02
1.413730000000e+00  3.246460000000e-01
5.166460000000e-01  7.439900000000e-01
S 1  1
1.738880000000e-01  1.000000000000e+00
P 1  1
1.738880000000e-01  1.000000000000e+00
@END

@ATOMBASIS K
S 6  1
3.159442000000e+04  1.828010000000e-03
4.744330000000e+03  1.399403000000e-02
1.080419000000e+03  6.887129000000e-02
3.042338000000e+02  2.369760000000e-01
9.724586000000e+01  4.829040000000e-01
3.302495000000e+01  3.404795000000e-01
S 6  1
6.227625000000e+02 -2.502976000000e-03
1.478839000000e+02 -3.315550000000e-02
4.732735000000e+01 -1.226387000000e-01
1.751495000000e+01  5.353643000000e-02
6.922722000000e+00  6.193860000000e-01
2.768277000000e+00  4.345878000000e-01
P 6  1
6.227625000000e+02  4.094637000000e-03
1.478839000000e+02  3.145199000000e-02
4.732735000000e+01  1.351558000000e-01
1.751495000000e+01  3.390500000000e-01
6.922722000000e+00  4.629455000000e-01
2.768277000000e+00  2.242638000000e-01
S 6  1
1.184802000000e+01  1.277689000000e-02
4.079211000000e+00  2.098767000000e-01
1.763481000000e+00 -3.095274000000e-03
7.889270000000e-01 -5.593884000000e-01
3.503870000000e-01 -5.134760000000e-01
1.463440000000e-01 -6.598035000000e-02
P 6  1
1.184802000000e+01 -1.221377000000e-02
4.079211000000e+00 -6.900537000000e-03
1.763481000000e+00  2.007466000000e-01
7.889270000000e-01  4.281332000000e-01
3.503870000000e-01  3.970156000000e-01
1.463440000000e-01  1.104718000000e-01
S 3  1
7.168010000000e-01 -5.237772000000e-02
2.337410000000e-01 -2.798503000000e-01
3.867500000000e-02  1.141547000000e+00
P 3  1
7.168010000000e-01  3.164300000000e-02
2.337410000000e-01 -4.046160000000e-02
3.867500000000e-02  1.012029000000e+00
S 1  1
1.652100000000e-02  1.000000000000e+00
P 1  1
1.652100000000e-02  1.000000000000e+00
@END

@ATOMBASIS CA
S 6  1
3.526486000000e+04  1.813501000000e-03
5.295503000000e+03  1.388493000000e-02
1.206020000000e+03  6.836162000000e-02
3.396839000000e+02  2.356188000000e-01
1.086264000000e+02  4.820639000000e-01
3.692103000000e+01  3.429819000000e-01
S 6  1
7.063096000000e+02  2.448225000000e-03
1.678187000000e+02  3.241504000000e-02
5.382558000000e+01  1.226219000000e-01
2.001638000000e+01 -4.316965000000e-02
7.970279000000e+00 -6.126995000000e-01
3.212059000000e+00 -4.487540000000e-01
P 6  1
7.063096000000e+02  4.020371000000e-03
1.678187000000e+02  3.100601000000e-02
5.382558000000e+01  1.337279000000e-01
2.001638000000e+01  3.367983000000e-01
7.970279000000e+00  4.631281000000e-01
3.212059000000e+00  2.257532000000e-01
S 6  1
1.419518000000e+01  1.084500000000e-02
4.880828000000e+00  2.088333000000e-01
2.160390000000e+00  3.150338000000e-02
9.878990000000e-01 -5.526518000000e-01
4.495170000000e-01 -5.437997000000e-01
1.873870000000e-01 -6.669342000000e-02
P 6  1
1.419518000000e+01 -1.289621000000e-02
4.880828000000e+00 -1.025198000000e-02
2.160390000000e+00  1.959781000000e-01
9.878990000000e-01  4.357933000000e-01
4.495170000000e-01  3.996452000000e-01
1.873870000000e-01  9.713636000000e-02
S 3  1
1.032271000000e+00 -4.439720000000e-02
3.811710000000e-01 -3.284563000000e-01
6.513100000000e-02  1.163010000000e+00
P 3  1
1.032271000000e+00 -4.298621000000e-01
3.811710000000e-01  6.935829000000e-03
6.513100000000e-02  9.705933000000e-01
S 1  1
2.601000000000e-02  1.000000000000e+00
P 1  1
2.601000000000e-02  1.000000000000e+00
@END

@ATOMBASIS SC
S 6  1
3.908898000000e+04  1.803263000000e-03
5.869792000000e+03  1.380769000000e-02
1.336910000000e+03  6.800396000000e-02
3.766031000000e+02  2.347099000000e-01
1.204679000000e+02  4.815690000000e-01
4.098032000000e+01  3.445652000000e-01
S 6  1
7.862852000000e+02  2.451863000000e-03
1.868870000000e+02  3.259579000000e-02
6.000935000000e+01  1.238242000000e-01
2.225883000000e+01 -4.359890000000e-02
8.885149000000e+00 -6.177181000000e-01
3.609211000000e+00 -4.432823000000e-01
P 6  1
7.862852000000e+02  4.039530000000e-03
1.868870000000e+02  3.122570000000e-02
6.000935000000e+01  1.349833000000e-01
2.225883000000e+01  3.424793000000e-01
8.885149000000e+00  4.623113000000e-01
3.609211000000e+00  2.177524000000e-01
S 6  1
2.984355000000e+01 -2.586302000000e-03
9.542383000000e+00  7.188424000000e-02
4.056790000000e+00  2.503260000000e-01
1.704703000000e+00 -2.991003000000e-01
7.062340000000e-01 -7.446818000000e-01
2.795360000000e-01 -1.799776000000e-01
P 6  1
2.984355000000e+01 -6.096652000000e-03
9.542383000000e+00 -2.628884000000e-02
4.056790000000e+00  5.091001000000e-02
1.704703000000e+00  3.798097000000e-01
7.062340000000e-01  5.170883000000e-01
2.795360000000e-01  1.829772000000e-01
S 3  1
1.065609000000e+00  6.482978000000e-02
4.259330000000e-01  3.253756000000e-01
7.632000000000e-02 -1.170806000000e+00
P 3  1
1.065609000000e+00 -2.938440000000e-01
4.259330000000e-01  9.235323000000e-02
7.632000000000e-02  9.847930000000e-01
S 1  1
2.959400000000e-02  1.000000000000e+00
P 1  1
2.959400000000e-02  1.000000000000e+00
D 3  1
1.114701000000e+01  8.747672000000e-02
2.821043000000e+00  3.795635000000e-01
8.196200000000e-01  7.180393000000e-01
D 1  1
2.214680000000e-01  1.000000000000e+00
@END

@ATOMBASIS TI
S 6  1
4.315295000000e+04  1.791872000000e-03
6.479571000000e+03  1.372392000000e-02
1.475675000000e+03  6.762830000000e-02
4.156991000000e+02  2.337642000000e-01
1.330006000000e+02  4.810696000000e-01
4.527222000000e+01  3.462280000000e-01
S 6  1
8.746826000000e+02  2.431008000000e-03
2.079785000000e+02  3.233027000000e-02
6.687918000000e+01  1.242520000000e-01
2.487347000000e+01 -3.903905000000e-02
9.968441000000e+00 -6.171789000000e-01
4.063826000000e+00 -4.473097000000e-01
P 6  1
8.746826000000e+02  4.017679000000e-03
2.079785000000e+02  3.113966000000e-02
6.687918000000e+01  1.349077000000e-01
2.487347000000e+01  3.431672000000e-01
9.968441000000e+00  4.625760000000e-01
4.063826000000e+00  2.154603000000e-01
S 6  1
3.364363000000e+01 -2.940358000000e-03
1.087565000000e+01  7.163103000000e-02
4.628225000000e+00  2.528915000000e-01
1.950126000000e+00 -2.966401000000e-01
8.094520000000e-01 -7.432215000000e-01
3.204740000000e-01 -1.853520000000e-01
P 6  1
3.364363000000e+01 -6.311620000000e-03
1.087565000000e+01 -2.697638000000e-02
4.628225000000e+00  5.316847000000e-02
1.950126000000e+00  3.845549000000e-01
8.094520000000e-01  5.127662000000e-01
3.204740000000e-01  1.811135000000e-01
S 3  1
1.224148000000e+00  6.351465000000e-02
4.842630000000e-01  3.151404000000e-01
8.409600000000e-02 -1.162595000000e+00
P 3  1
1.224148000000e+00 -2.112070000000e-01
4.842630000000e-01  7.771998000000e-02
8.409600000000e-02  9.898214000000e-01
S 1  1
3.203600000000e-02  1.000000000000e+00
P 1  1
3.203600000000e-02  1.000000000000e+00
D 3  1
1.369085000000e+01  8.589418000000e-02
3.513154000000e+00  3.784671000000e-01
1.040434000000e+00  7.161239000000e-01
D 1  1
2.869620000000e-01  1.000000000000e+00
@END

@ATOMBASIS V
S 6  1
4.735433000000e+04  1.784513000000e-03
7.110787000000e+03  1.366754000000e-02
1.619591000000e+03  6.736122000000e-02
4.563379000000e+02  2.330552000000e-01
1.460606000000e+02  4.806316000000e-01
4.975791000000e+01  3.474802000000e-01
S 6  1
9.681484000000e+02  2.410599000000e-03
2.302821000000e+02  3.207243000000e-02
7.414591000000e+01  1.245942000000e-01
2.764107000000e+01 -3.482177000000e-02
1.111475000000e+01 -6.167374000000e-01
4.543113000000e+00 -4.509844000000e-01
P 6  1
9.681484000000e+02  3.995005000000e-03
2.302821000000e+02  3.104061000000e-02
7.414591000000e+01  1.347747000000e-01
2.764107000000e+01  3.437279000000e-01
1.111475000000e+01  4.628759000000e-01
4.543113000000e+00  2.135547000000e-01
S 6  1
3.764050000000e+01 -3.233199000000e-03
1.228238000000e+01  7.130744000000e-02
5.233366000000e+00  2.543820000000e-01
2.208950000000e+00 -2.933887000000e-01
9.178800000000e-01 -7.415695000000e-01
3.634120000000e-01 -1.909410000000e-01
P 6  1
3.764050000000e+01 -6.494056000000e-03
1.228238000000e+01 -2.753453000000e-02
5.233366000000e+00  5.516284000000e-02
2.208950000000e+00  3.879672000000e-01
9.178800000000e-01  5.090258000000e-01
3.634120000000e-01  1.803840000000e-01
S 3  1
1.392781000000e+00  6.139703000000e-02
5.439130000000e-01  3.061130000000e-01
9.147600000000e-02 -1.154890000000e+00
P 3  1
1.392781000000e+00 -1.891265000000e-01
5.439130000000e-01  8.005453000000e-02
9.147600000000e-02  9.877399000000e-01
S 1  1
3.431200000000e-02  1.000000000000e+00
P 1  1
3.431200000000e-02  1.000000000000e+00
D 3  1
1.605025000000e+01  8.599899000000e-02
4.160063000000e+00  3.802996000000e-01
1.243265000000e+00  7.127659000000e-01
D 1  1
3.442770000000e-01  1.000000000000e+00
@END

@ATOMBASIS CR
S 6  1
5.178981000000e+04  1.776182000000e-03
7.776849000000e+03  1.360476000000e-02
1.771385000000e+03  6.706925000000e-02
4.991588000000e+02  2.323104000000e-01
1.597982000000e+02  4.802410000000e-01
5.447021000000e+01  3.487653000000e-01
S 6  1
1.064328000000e+03  2.399669000000e-03
2.532138000000e+02  3.194886000000e-02
8.160924000000e+01  1.250868000000e-01
3.048193000000e+01 -3.221866000000e-02
1.229439000000e+01 -6.172284000000e-01
5.037722000000e+00 -4.525936000000e-01
P 6  1
1.064328000000e+03  3.986997000000e-03
2.532138000000e+02  3.104662000000e-02
8.160924000000e+01  1.350518000000e-01
3.048193000000e+01  3.448865000000e-01
1.229439000000e+01  4.628571000000e-01
5.037722000000e+00  2.110426000000e-01
S 6  1
4.156291000000e+01 -3.454216000000e-03
1.367627000000e+01  7.218428000000e-02
5.844390000000e+00  2.544820000000e-01
2.471609000000e+00 -2.934534000000e-01
1.028308000000e+00 -7.385455000000e-01
4.072500000000e-01 -1.947157000000e-01
P 6  1
4.156291000000e+01 -6.722497000000e-03
1.367627000000e+01 -2.806471000000e-02
5.844390000000e+00  5.820028000000e-02
2.471609000000e+00  3.916988000000e-01
1.028308000000e+00  5.047823000000e-01
4.072500000000e-01  1.790290000000e-01
S 3  1
1.571464000000e+00  5.892219000000e-02
6.055800000000e-01  2.976055000000e-01
9.856100000000e-02 -1.147506000000e+00
P 3  1
1.571464000000e+00 -1.930100000000e-01
6.055800000000e-01  9.605620000000e-02
9.856100000000e-02  9.817609000000e-01
S 1  1
3.645900000000e-02  1.000000000000e+00
P 1  1
3.645900000000e-02  1.000000000000e+00
D 3  1
1.841930000000e+01  8.650816000000e-02
4.812661000000e+00  3.826699000000e-01
1.446447000000e+00  7.093772000000e-01
D 1  1
4.004130000000e-01  1.000000000000e+00
@END

@ATOMBASIS MN
S 6  1
5.634714000000e+04  1.771580000000e-03
8.460943000000e+03  1.357081000000e-02
1.927325000000e+03  6.690605000000e-02
5.432343000000e+02  2.318541000000e-01
1.739905000000e+02  4.799046000000e-01
5.936005000000e+01  3.495737000000e-01
S 6  1
1.165412000000e+03  2.388751000000e-03
2.773276000000e+02  3.181708000000e-02
8.947278000000e+01  1.254670000000e-01
3.348256000000e+01 -2.955431000000e-02
1.354037000000e+01 -6.175160000000e-01
5.557972000000e+00 -4.544458000000e-01
P 6  1
1.165412000000e+03  3.977318000000e-03
2.773276000000e+02  3.103112000000e-02
8.947278000000e+01  1.351894000000e-01
3.348256000000e+01  3.457387000000e-01
1.354037000000e+01  4.629205000000e-01
5.557972000000e+00  2.090592000000e-01
S 6  1
4.583532000000e+01 -3.665856000000e-03
1.518777000000e+01  7.231971000000e-02
6.500710000000e+00  2.544486000000e-01
2.751583000000e+00 -2.910380000000e-01
1.145404000000e+00 -7.359860000000e-01
4.536870000000e-01 -1.997617000000e-01
P 6  1
4.583532000000e+01 -6.887578000000e-03
1.518777000000e+01 -2.846816000000e-02
6.500710000000e+00  6.031832000000e-02
2.751583000000e+00  3.938961000000e-01
1.145404000000e+00  5.013769000000e-01
4.536870000000e-01  1.792264000000e-01
S 3  1
1.757999000000e+00  5.628572000000e-02
6.670220000000e-01  2.897491000000e-01
1.051290000000e-01 -1.140653000000e+00
P 3  1
1.757999000000e+00 -5.035024000000e-01
6.670220000000e-01  2.345011000000e-01
1.051290000000e-01  9.141257000000e-01
S 1  1
3.841800000000e-02  1.000000000000e+00
P 1  1
3.841800000000e-02  1.000000000000e+00
D 3  1
2.094355000000e+01  8.672702000000e-02
5.510486000000e+00  3.841883000000e-01
1.665038000000e+00  7.069071000000e-01
D 1  1
4.617330000000e-01  1.000000000000e+00
@END

@ATOMBASIS FE
S 6  1
6.113262000000e+04  1.766111000000e-03
9.179342000000e+03  1.353038000000e-02
2.090857000000e+03  6.673128000000e-02
5.892479000000e+02  2.314823000000e-01
1.887543000000e+02  4.797058000000e-01
6.444629000000e+01  3.501976000000e-01
S 6  1
1.259980000000e+03  2.438014000000e-03
2.998761000000e+02  3.224048000000e-02
9.684917000000e+01  1.265724000000e-01
3.631020000000e+01 -3.139902000000e-02
1.472996000000e+01 -6.207593000000e-01
6.066075000000e+00 -4.502914000000e-01
P 6  1
1.259980000000e+03  4.028019000000e-03
2.998761000000e+02  3.144647000000e-02
9.684917000000e+01  1.368317000000e-01
3.631020000000e+01  3.487236000000e-01
1.472996000000e+01  4.617931000000e-01
6.066075000000e+00  2.043058000000e-01
S 6  1
5.043485000000e+01 -3.873256000000e-03
1.683929000000e+01  7.196598000000e-02
7.192086000000e+00  2.556591000000e-01
3.053420000000e+00 -2.882837000000e-01
1.273643000000e+00 -7.342822000000e-01
5.040910000000e-01 -2.049353000000e-01
P 6  1
5.043485000000e+01 -7.017128000000e-03
1.683929000000e+01 -2.877660000000e-02
7.192086000000e+00  6.181383000000e-02
3.053420000000e+00  3.954946000000e-01
1.273643000000e+00  4.989059000000e-01
5.040910000000e-01  1.791251000000e-01
S 3  1
1.950316000000e+00  5.694869000000e-02
7.367210000000e-01  2.882915000000e-01
1.141770000000e-01 -1.138159000000e+00
P 3  1
1.950316000000e+00 -4.593796000000e-01
7.367210000000e-01  2.852139000000e-01
1.141770000000e-01  9.076485000000e-01
S 1  1
4.114800000000e-02  1.000000000000e+00
P 1  1
4.114800000000e-02  1.000000000000e+00
D 3  1
2.314994000000e+01  8.876935000000e-02
6.122368000000e+00  3.896319000000e-01
1.846601000000e+00  7.014816000000e-01
D 1  1
5.043610000000e-01  1.000000000000e+00
@END

@ATOMBASIS CO
S 6  1
6.614899000000e+04  1.759787000000e-03
9.933077000000e+03  1.348162000000e-02
2.262816000000e+03  6.649342000000e-02
6.379154000000e+02  2.307939000000e-01
2.044122000000e+02  4.792919000000e-01
6.982538000000e+01  3.514097000000e-01
S 6  1
1.378841000000e+03  2.376276000000e-03
3.282694000000e+02  3.167450000000e-02
1.060946000000e+02  1.262888000000e-01
3.983275000000e+01 -2.584552000000e-02
1.618622000000e+01 -6.183491000000e-01
6.667788000000e+00 -4.567008000000e-01
P 6  1
1.378841000000e+03  3.971488000000e-03
3.282694000000e+02  3.108174000000e-02
1.060946000000e+02  1.357439000000e-01
3.983275000000e+01  3.476827000000e-01
1.618622000000e+01  4.626340000000e-01
6.667788000000e+00  2.051632000000e-01
S 6  1
5.452355000000e+01 -3.993004000000e-03
1.829783000000e+01  7.409663000000e-02
7.867348000000e+00  2.542000000000e-01
3.340534000000e+00 -2.921657000000e-01
1.393756000000e+00 -7.318703000000e-01
5.513260000000e-01 -2.040784000000e-01
P 6  1
5.452355000000e+01 -7.290772000000e-03
1.829783000000e+01 -2.926027000000e-02
7.867348000000e+00  6.564150000000e-02
3.340534000000e+00  4.000652000000e-01
1.393756000000e+00  4.950236000000e-01
5.513260000000e-01  1.758240000000e-01
S 3  1
2.151947000000e+00  5.379843000000e-02
8.110630000000e-01  2.759971000000e-01
1.210170000000e-01 -1.129692000000e+00
P 3  1
2.151947000000e+00 -2.165496000000e-01
8.110630000000e-01  1.240488000000e-01
1.210170000000e-01  9.724064000000e-01
S 1  1
4.303700000000e-02  1.000000000000e+00
P 1  1
4.303700000000e-02  1.000000000000e+00
D 3  1
2.559306000000e+01  9.004748000000e-02
6.800990000000e+00  3.931703000000e-01
2.051647000000e+00  6.976844000000e-01
D 1  1
5.556710000000e-01  1.000000000000e+00
@END

@ATOMBASIS NI
S 6  1
7.139635000000e+04  1.753003000000e-03
1.072084000000e+04  1.343122000000e-02
2.442129000000e+03  6.627041000000e-02
6.884265000000e+02  2.302508000000e-01
2.206153000000e+02  4.790186000000e-01
7.539373000000e+01  3.523444000000e-01
S 6  1
1.492532000000e+03  2.370714000000e-03
3.554013000000e+02  3.160566000000e-02
1.149534000000e+02  1.266335000000e-01
4.322043000000e+01 -2.417037000000e-02
1.759710000000e+01 -6.187775000000e-01
7.257765000000e+00 -4.576770000000e-01
P 6  1
1.492532000000e+03  3.967554000000e-03
3.554013000000e+02  3.109479000000e-02
1.149534000000e+02  1.359517000000e-01
4.322043000000e+01  3.485136000000e-01
1.759710000000e+01  4.625498000000e-01
7.257765000000e+00  2.035186000000e-01
S 6  1
5.935261000000e+01 -4.162002000000e-03
2.002181000000e+01  7.425111000000e-02
8.614561000000e+00  2.541360000000e-01
3.660531000000e+00 -2.903477000000e-01
1.528111000000e+00 -7.302121000000e-01
6.040570000000e-01 -2.076057000000e-01
P 6  1
5.935261000000e+01 -7.421452000000e-03
2.002181000000e+01 -2.953410000000e-02
8.614561000000e+00  6.731852000000e-02
3.660531000000e+00  4.016660000000e-01
1.528111000000e+00  4.926623000000e-01
6.040570000000e-01  1.756893000000e-01
S 3  1
2.379276000000e+00  5.157888000000e-02
8.858390000000e-01  2.707611000000e-01
1.285290000000e-01 -1.124770000000e+00
P 3  1
2.379276000000e+00 -1.887663000000e-01
8.858390000000e-01  1.015199000000e-01
1.285290000000e-01  9.790906000000e-01
S 1  1
4.519500000000e-02  1.000000000000e+00
P 1  1
4.519500000000e-02  1.000000000000e+00
D 3  1
2.819147000000e+01  9.098881000000e-02
7.523584000000e+00  3.958208000000e-01
2.271228000000e+00  6.947154000000e-01
D 1  1
6.116030000000e-01  1.000000000000e+00
@END

@ATOMBASIS CU
S 6  1
7.679438000000e+04  1.748161000000e-03
1.153070000000e+04  1.339602000000e-02
2.626575000000e+03  6.610885000000e-02
7.404903000000e+02  2.298265000000e-01
2.373528000000e+02  4.787675000000e-01
8.115818000000e+01  3.530739000000e-01
S 6  1
1.610814000000e+03  2.364055000000e-03
3.836367000000e+02  3.153635000000e-02
1.241733000000e+02  1.269452000000e-01
4.674678000000e+01 -2.262840000000e-02
1.906569000000e+01 -6.192080000000e-01
7.871567000000e+00 -4.585393000000e-01
P 6  1
1.610814000000e+03  3.963307000000e-03
3.836367000000e+02  3.110223000000e-02
1.241733000000e+02  1.361350000000e-01
4.674678000000e+01  3.492914000000e-01
1.906569000000e+01  4.624780000000e-01
7.871567000000e+00  2.020102000000e-01
S 6  1
6.445732000000e+01 -4.331075000000e-03
2.185212000000e+01  7.412307000000e-02
9.405343000000e+00  2.542108000000e-01
3.999168000000e+00 -2.874843000000e-01
1.670297000000e+00 -7.291436000000e-01
6.596270000000e-01 -2.113951000000e-01
P 6  1
6.445732000000e+01 -7.523725000000e-03
2.185212000000e+01 -2.975687000000e-02
9.405343000000e+00  6.849654000000e-02
3.999168000000e+00  4.027141000000e-01
1.670297000000e+00  4.908490000000e-01
6.596270000000e-01  1.759268000000e-01
S 3  1
2.600088000000e+00  5.027577000000e-02
9.630940000000e-01  2.650040000000e-01
1.361610000000e-01 -1.120155000000e+00
P 3  1
2.600088000000e+00 -1.702911000000e-01
9.630940000000e-01  9.310133000000e-02
1.361610000000e-01  9.814336000000e-01
S 1  1
4.733200000000e-02  1.000000000000e+00
P 1  1
4.733200000000e-02  1.000000000000e+00
D 3  1
3.085341000000e+01  9.199905000000e-02
8.264985000000e+00  3.985021000000e-01
2.495332000000e+00  6.917897000000e-01
D 1  1
6.676580000000e-01  1.000000000000e+00
@END

@ATOMBASIS ZN
S 6  1
8.240094000000e+04  1.743329000000e-03
1.237255000000e+04  1.335966000000e-02
2.818351000000e+03  6.594365000000e-02
7.945717000000e+02  2.294151000000e-01
2.547232000000e+02  4.785453000000e-01
8.713880000000e+01  3.537753000000e-01
S 6  1
1.732569000000e+03  2.361459000000e-03
4.127149000000e+02  3.150177000000e-02
1.336780000000e+02  1.272774000000e-01
5.038585000000e+01 -2.145928000000e-02
2.058358000000e+01 -6.197652000000e-01
8.505940000000e+00 -4.590180000000e-01
P 6  1
1.732569000000e+03  3.963125000000e-03
4.127149000000e+02  3.113411000000e-02
1.336780000000e+02  1.363931000000e-01
5.038585000000e+01  3.501266000000e-01
2.058358000000e+01  4.623179000000e-01
8.505940000000e+00  2.004995000000e-01
S 6  1
6.936492000000e+01 -4.440098000000e-03
2.362082000000e+01  7.505253000000e-02
1.018471000000e+01  2.533111000000e-01
4.334082000000e+00 -2.881897000000e-01
1.810918000000e+00 -7.267052000000e-01
7.148410000000e-01 -2.133439000000e-01
P 6  1
6.936492000000e+01 -7.689262000000e-03
2.362082000000e+01 -2.997982000000e-02
1.018471000000e+01  7.082411000000e-02
4.334082000000e+00  4.046141000000e-01
1.810918000000e+00  4.882325000000e-01
7.148410000000e-01  1.751970000000e-01
S 3  1
2.823842000000e+00  4.898543000000e-02
1.039543000000e+00  2.592793000000e-01
1.432640000000e-01 -1.115711000000e+00
P 3  1
2.823842000000e+00 -1.586763000000e-01
1.039543000000e+00  8.379327000000e-02
1.432640000000e-01  9.840547000000e-01
S 1  1
4.929600000000e-02  1.000000000000e+00
P 1  1
4.929600000000e-02  1.000000000000e+00
D 3  1
3.370764000000e+01  9.262648000000e-02
9.061106000000e+00  4.002980000000e-01
2.738383000000e+00  6.896608000000e-01
D 1  1
7.302940000000e-01  1.000000000000e+00
@END
e6b381e9120417c466db73e09a96c073
