@BASIS_SET D-AUG-CC-PVTZ

@ATOMBASIS H
S 3  1
3.387000000000e+01  6.068000000000e-03
5.095000000000e+00  4.530800000000e-02
1.159000000000e+00  2.028220000000e-01
S 1  1
3.258000000000e-01  1.000000000000e+00
S 1  1
1.027000000000e-01  1.000000000000e+00
S 1  1
2.526000000000e-02  1.000000000000e+00
S 1  1
6.210000000000e-03  1.000000000000e+00
P 1  1
1.407000000000e+00  1.000000000000e+00
P 1  1
3.880000000000e-01  1.000000000000e+00
P 1  1
1.020000000000e-01  1.000000000000e+00
P 1  1
2.680000000000e-02  1.000000000000e+00
D 1  1
1.057000000000e+00  1.000000000000e+00
D 1  1
2.470000000000e-01  1.000000000000e+00
D 1  1
5.770000000000e-02  1.000000000000e+00
@END

@ATOMBASIS HE
S 4  1
2.340000000000e+02  2.587000000000e-03
3.516000000000e+01  1.953300000000e-02
7.989000000000e+00  9.099800000000e-02
2.212000000000e+00  2.720500000000e-01
S 1  1
6.669000000000e-01  1.000000000000e+00
S 1  1
2.089000000000e-01  1.000000000000e+00
S 1  1
5.138000000000e-02  1.000000000000e+00
S 1  1
1.260000000000e-02  1.000000000000e+00
P 1  1
3.044000000000e+00  1.000000000000e+00
P 1  1
7.580000000000e-01  1.000000000000e+00
P 1  1
1.993000000000e-01  1.000000000000e+00
P 1  1
5.240000000000e-02  1.000000000000e+00
D 1  1
1.965000000000e+00  1.000000000000e+00
D 1  1
4.592000000000e-01  1.000000000000e+00
D 1  1
1.070000000000e-01  1.000000000000e+00
@END

@ATOMBASIS B
S 8  1
5.473000000000e+03  5.550000000000e-04
8.209000000000e+02  4.291000000000e-03
1.868000000000e+02  2.194900000000e-02
5.283000000000e+01  8.444100000000e-02
1.708000000000e+01  2.385570000000e-01
5.999000000000e+00  4.350720000000e-01
2.208000000000e+00  3.419550000000e-01
2.415000000000e-01 -9.545000000000e-03
S 8  1
5.473000000000e+03 -1.120000000000e-04
8.209000000000e+02 -8.680000000000e-04
1.868000000000e+02 -4.484000000000e-03
5.283000000000e+01 -1.768300000000e-02
1.708000000000e+01 -5.363900000000e-02
5.999000000000e+00 -1.190050000000e-01
2.208000000000e+00 -1.658240000000e-01
2.415000000000e-01  5.959810000000e-01
S 1  1
5.879000000000e-01  1.000000000000e+00
S 1  1
8.610000000000e-02  1.000000000000e+00
S 1  1
2.914000000000e-02  1.000000000000e+00
S 1  1
9.860000000000e-03  1.000000000000e+00
P 3  1
1.205000000000e+01  1.311800000000e-02
2.613000000000e+00  7.989600000000e-02
7.475000000000e-01  2.772750000000e-01
P 1  1
2.385000000000e-01  1.000000000000e+00
P 1  1
7.698000000000e-02  1.000000000000e+00
P 1  1
2.096000000000e-02  1.000000000000e+00
P 1  1
5.710000000000e-03  1.000000000000e+00
D 1  1
6.610000000000e-01  1.000000000000e+00
D 1  1
1.990000000000e-01  1.000000000000e+00
D 1  1
6.040000000000e-02  1.000000000000e+00
D 1  1
1.830000000000e-02  1.000000000000e+00
F 1  1
4.900000000000e-01  1.000000000000e+00
F 1  1
1.630000000000e-01  1.000000000000e+00
F 1  1
5.420000000000e-02  1.000000000000e+00
@END

@ATOMBASIS C
S 8  1
8.236000000000e+03  5.310000000000e-04
1.235000000000e+03  4.108000000000e-03
2.808000000000e+02  2.108700000000e-02
7.927000000000e+01  8.185300000000e-02
2.559000000000e+01  2.348170000000e-01
8.997000000000e+00  4.344010000000e-01
3.319000000000e+00  3.461290000000e-01
3.643000000000e-01 -8.983000000000e-03
S 8  1
8.236000000000e+03 -1.130000000000e-04
1.235000000000e+03 -8.780000000000e-04
2.808000000000e+02 -4.540000000000e-03
7.927000000000e+01 -1.813300000000e-02
2.559000000000e+01 -5.576000000000e-02
8.997000000000e+00 -1.268950000000e-01
3.319000000000e+00 -1.703520000000e-01
3.643000000000e-01  5.986840000000e-01
S 1  1
9.059000000000e-01  1.000000000000e+00
S 1  1
1.285000000000e-01  1.000000000000e+00
S 1  1
4.402000000000e-02  1.000000000000e+00
S 1  1
1.510000000000e-02  1.000000000000e+00
P 3  1
1.871000000000e+01  1.403100000000e-02
4.133000000000e+00  8.686600000000e-02
1.200000000000e+00  2.902160000000e-01
P 1  1
3.827000000000e-01  1.000000000000e+00
P 1  1
1.209000000000e-01  1.000000000000e+00
P 1  1
3.569000000000e-02  1.000000000000e+00
P 1  1
1.050000000000e-02  1.000000000000e+00
D 1  1
1.097000000000e+00  1.000000000000e+00
D 1  1
3.180000000000e-01  1.000000000000e+00
D 1  1
1.000000000000e-01  1.000000000000e+00
D 1  1
3.140000000000e-02  1.000000000000e+00
F 1  1
7.610000000000e-01  1.000000000000e+00
F 1  1
2.680000000000e-01  1.000000000000e+00
F 1  1
9.440000000000e-02  1.000000000000e+00
@END

@ATOMBASIS N
S 8  1
1.142000000000e+04  5.230000000000e-04
1.712000000000e+03  4.045000000000e-03
3.893000000000e+02  2.077500000000e-02
1.100000000000e+02  8.072700000000e-02
3.557000000000e+01  2.330740000000e-01
1.254000000000e+01  4.335010000000e-01
4.644000000000e+00  3.474720000000e-01
5.118000000000e-01 -8.508000000000e-03
S 8  1
1.142000000000e+04 -1.150000000000e-04
1.712000000000e+03 -8.950000000000e-04
3.893000000000e+02 -4.624000000000e-03
1.100000000000e+02 -1.852800000000e-02
3.557000000000e+01 -5.733900000000e-02
1.254000000000e+01 -1.320760000000e-01
4.644000000000e+00 -1.725100000000e-01
5.118000000000e-01  5.999440000000e-01
S 1  1
1.293000000000e+00  1.000000000000e+00
S 1  1
1.787000000000e-01  1.000000000000e+00
S 1  1
5.760000000000e-02  1.000000000000e+00
S 1  1
1.860000000000e-02  1.000000000000e+00
P 3  1
2.663000000000e+01  1.467000000000e-02
5.948000000000e+00  9.176400000000e-02
1.742000000000e+00  2.986830000000e-01
P 1  1
5.550000000000e-01  1.000000000000e+00
P 1  1
1.725000000000e-01  1.000000000000e+00
P 1  1
4.910000000000e-02  1.000000000000e+00
P 1  1
1.400000000000e-02  1.000000000000e+00
D 1  1
1.654000000000e+00  1.000000000000e+00
D 1  1
4.690000000000e-01  1.000000000000e+00
D 1  1
1.510000000000e-01  1.000000000000e+00
D 1  1
4.860000000000e-02  1.000000000000e+00
F 1  1
1.093000000000e+00  1.000000000000e+00
F 1  1
3.640000000000e-01  1.000000000000e+00
F 1  1
1.210000000000e-01  1.000000000000e+00
@END

@ATOMBASIS O
S 8  1
1.533000000000e+04  5.080000000000e-04
2.299000000000e+03  3.929000000000e-03
5.224000000000e+02  2.024300000000e-02
1.473000000000e+02  7.918100000000e-02
4.755000000000e+01  2.306870000000e-01
1.676000000000e+01  4.331180000000e-01
6.207000000000e+00  3.502600000000e-01
6.882000000000e-01 -8.154000000000e-03
S 8  1
1.533000000000e+04 -1.150000000000e-04
2.299000000000e+03 -8.950000000000e-04
5.224000000000e+02 -4.636000000000e-03
1.473000000000e+02 -1.872400000000e-02
4.755000000000e+01 -5.846300000000e-02
1.676000000000e+01 -1.364630000000e-01
6.207000000000e+00 -1.757400000000e-01
6.882000000000e-01  6.034180000000e-01
S 1  1
1.752000000000e+00  1.000000000000e+00
S 1  1
2.384000000000e-01  1.000000000000e+00
S 1  1
7.376000000000e-02  1.000000000000e+00
S 1  1
2.280000000000e-02  1.000000000000e+00
P 3  1
3.446000000000e+01  1.592800000000e-02
7.749000000000e+00  9.974000000000e-02
2.280000000000e+00  3.104920000000e-01
P 1  1
7.156000000000e-01  1.000000000000e+00
P 1  1
2.140000000000e-01  1.000000000000e+00
P 1  1
5.974000000000e-02  1.000000000000e+00
P 1  1
1.670000000000e-02  1.000000000000e+00
D 1  1
2.314000000000e+00  1.000000000000e+00
D 1  1
6.450000000000e-01  1.000000000000e+00
D 1  1
2.140000000000e-01  1.000000000000e+00
D 1  1
7.100000000000e-02  1.000000000000e+00
F 1  1
1.428000000000e+00  1.000000000000e+00
F 1  1
5.000000000000e-01  1.000000000000e+00
F 1  1
1.750000000000e-01  1.000000000000e+00
@END

@ATOMBASIS F
S 8  1
1.950000000000e+04  5.070000000000e-04
2.923000000000e+03  3.923000000000e-03
6.645000000000e+02  2.020000000000e-02
1.875000000000e+02  7.901000000000e-02
6.062000000000e+01  2.304390000000e-01
2.142000000000e+01  4.328720000000e-01
7.950000000000e+00  3.499640000000e-01
8.815000000000e-01 -7.892000000000e-03
S 8  1
1.950000000000e+04 -1.170000000000e-04
2.923000000000e+03 -9.120000000000e-04
6.645000000000e+02 -4.717000000000e-03
1.875000000000e+02 -1.908600000000e-02
6.062000000000e+01 -5.965500000000e-02
2.142000000000e+01 -1.400100000000e-01
7.950000000000e+00 -1.767820000000e-01
8.815000000000e-01  6.050430000000e-01
S 1  1
2.257000000000e+00  1.000000000000e+00
S 1  1
3.041000000000e-01  1.000000000000e+00
S 1  1
9.158000000000e-02  1.000000000000e+00
S 1  1
2.760000000000e-02  1.000000000000e+00
P 3  1
4.388000000000e+01  1.666500000000e-02
9.926000000000e+00  1.044720000000e-01
2.930000000000e+00  3.172600000000e-01
P 1  1
9.132000000000e-01  1.000000000000e+00
P 1  1
2.672000000000e-01  1.000000000000e+00
P 1  1
7.361000000000e-02  1.000000000000e+00
P 1  1
2.030000000000e-02  1.000000000000e+00
D 1  1
3.107000000000e+00  1.000000000000e+00
D 1  1
8.550000000000e-01  1.000000000000e+00
D 1  1
2.920000000000e-01  1.000000000000e+00
D 1  1
9.970000000000e-02  1.000000000000e+00
F 1  1
1.917000000000e+00  1.000000000000e+00
F 1  1
7.240000000000e-01  1.000000000000e+00
F 1  1
2.730000000000e-01  1.000000000000e+00
@END

@ATOMBASIS NE
S 8  1
2.435000000000e+04  5.020000000000e-04
3.650000000000e+03  3.881000000000e-03
8.296000000000e+02  1.999700000000e-02
2.340000000000e+02  7.841800000000e-02
7.561000000000e+01  2.296760000000e-01
2.673000000000e+01  4.327220000000e-01
9.927000000000e+00  3.506420000000e-01
1.102000000000e+00 -7.645000000000e-03
S 8  1
2.435000000000e+04 -1.180000000000e-04
3.650000000000e+03 -9.150000000000e-04
8.296000000000e+02 -4.737000000000e-03
2.340000000000e+02 -1.923300000000e-02
7.561000000000e+01 -6.036900000000e-02
2.673000000000e+01 -1.425080000000e-01
9.927000000000e+00 -1.777100000000e-01
1.102000000000e+00  6.058360000000e-01
S 1  1
2.836000000000e+00  1.000000000000e+00
S 1  1
3.782000000000e-01  1.000000000000e+00
S 1  1
1.133000000000e-01  1.000000000000e+00
S 1  1
3.390000000000e-02  1.000000000000e+00
P 3  1
5.470000000000e+01  1.715100000000e-02
1.243000000000e+01  1.076560000000e-01
3.679000000000e+00  3.216810000000e-01
P 1  1
1.143000000000e+00  1.000000000000e+00
P 1  1
3.300000000000e-01  1.000000000000e+00
P 1  1
9.175000000000e-02  1.000000000000e+00
P 1  1
2.550000000000e-02  1.000000000000e+00
D 1  1
4.014000000000e+00  1.000000000000e+00
D 1  1
1.096000000000e+00  1.000000000000e+00
D 1  1
3.860000000000e-01  1.000000000000e+00
D 1  1
1.360000000000e-01  1.000000000000e+00
F 1  1
2.544000000000e+00  1.000000000000e+00
F 1  1
1.084000000000e+00  1.000000000000e+00
F 1  1
4.620000000000e-01  1.000000000000e+00
@END
4e5e1a5f00be76e2c25c7887d4202383
