@BASIS_SET D-AUG-CC-PVQZ

@ATOMBASIS H
S 3 1
8.264000000000e+01  2.006000000000e-03
1.241000000000e+01  1.534300000000e-02
2.824000000000e+00  7.557900000000e-02
S 1 1
7.977000000000e-01  1.000000000000e+00
S 1 1
2.581000000000e-01  1.000000000000e+00
S 1 1
8.989000000000e-02  1.000000000000e+00
S 1 1
2.363000000000e-02  1.000000000000e+00
S 1 1
6.210000000000e-03  1.000000000000e+00
P 1 1
2.292000000000e+00  1.000000000000e+00
P 1 1
8.380000000000e-01  1.000000000000e+00
P 1 1
2.920000000000e-01  1.000000000000e+00
P 1 1
8.480000000000e-02  1.000000000000e+00
P 1 1
2.460000000000e-02  1.000000000000e+00
D 1 1
2.062000000000e+00  1.000000000000e+00
D 1 1
6.620000000000e-01  1.000000000000e+00
D 1 1
1.900000000000e-01  1.000000000000e+00
D 1 1
5.450000000000e-02  1.000000000000e+00
F 1 1
1.397000000000e+00  1.000000000000e+00
F 1 1
3.600000000000e-01  1.000000000000e+00
F 1 1
9.280000000000e-02  1.000000000000e+00
@END

@ATOMBASIS HE
S 4 1
5.285000000000e+02  9.400000000000e-04
7.931000000000e+01  7.214000000000e-03
1.805000000000e+01  3.597500000000e-02
5.085000000000e+00  1.277820000000e-01
S 1 1
1.609000000000e+00  1.000000000000e+00
S 1 1
5.363000000000e-01  1.000000000000e+00
S 1 1
1.833000000000e-01  1.000000000000e+00
S 1 1
4.819000000000e-02  1.000000000000e+00
S 1 1
1.270000000000e-02  1.000000000000e+00
P 1 1
5.994000000000e+00  1.000000000000e+00
P 1 1
1.745000000000e+00  1.000000000000e+00
P 1 1
5.600000000000e-01  1.000000000000e+00
P 1 1
1.626000000000e-01  1.000000000000e+00
P 1 1
4.720000000000e-02  1.000000000000e+00
D 1 1
4.299000000000e+00  1.000000000000e+00
D 1 1
1.223000000000e+00  1.000000000000e+00
D 1 1
3.510000000000e-01  1.000000000000e+00
D 1 1
1.010000000000e-01  1.000000000000e+00
F 1 1
2.680000000000e+00  1.000000000000e+00
F 1 1
6.906000000000e-01  1.000000000000e+00
F 1 1
1.780000000000e-01  1.000000000000e+00
@END

@ATOMBASIS B
S 9 1
2.387000000000e+04  8.800000000000e-05
3.575000000000e+03  6.870000000000e-04
8.128000000000e+02  3.600000000000e-03
2.297000000000e+02  1.494900000000e-02
7.469000000000e+01  5.143500000000e-02
2.681000000000e+01  1.433020000000e-01
1.032000000000e+01  3.009350000000e-01
4.178000000000e+00  4.035260000000e-01
1.727000000000e+00  2.253400000000e-01
S 9 1
2.387000000000e+04 -1.800000000000e-05
3.575000000000e+03 -1.390000000000e-04
8.128000000000e+02 -7.250000000000e-04
2.297000000000e+02 -3.063000000000e-03
7.469000000000e+01 -1.058100000000e-02
2.681000000000e+01 -3.136500000000e-02
1.032000000000e+01 -7.101200000000e-02
4.178000000000e+00 -1.321030000000e-01
1.727000000000e+00 -1.230720000000e-01
S 1 1
4.704000000000e-01  1.000000000000e+00
S 1 1
1.896000000000e-01  1.000000000000e+00
S 1 1
7.394000000000e-02  1.000000000000e+00
S 1 1
2.721000000000e-02  1.000000000000e+00
S 1 1
1.000000000000e-02  1.000000000000e+00
P 3 1
2.226000000000e+01  5.095000000000e-03
5.058000000000e+00  3.320600000000e-02
1.487000000000e+00  1.323140000000e-01
P 1 1
5.071000000000e-01  1.000000000000e+00
P 1 1
1.812000000000e-01  1.000000000000e+00
P 1 1
6.463000000000e-02  1.000000000000e+00
P 1 1
1.878000000000e-02  1.000000000000e+00
P 1 1
5.460000000000e-03  1.000000000000e+00
D 1 1
1.110000000000e+00  1.000000000000e+00
D 1 1
4.020000000000e-01  1.000000000000e+00
D 1 1
1.450000000000e-01  1.000000000000e+00
D 1 1
4.660000000000e-02  1.000000000000e+00
D 1 1
1.500000000000e-02  1.000000000000e+00
F 1 1
8.820000000000e-01  1.000000000000e+00
F 1 1
3.110000000000e-01  1.000000000000e+00
F 1 1
1.130000000000e-01  1.000000000000e+00
F 1 1
4.110000000000e-02  1.000000000000e+00
G 1 1
6.730000000000e-01  1.000000000000e+00
G 1 1
2.730000000000e-01  1.000000000000e+00
G 1 1
1.110000000000e-01  1.000000000000e+00
@END

@ATOMBASIS C
S 9 1
3.398000000000e+04  9.100000000000e-05
5.089000000000e+03  7.040000000000e-04
1.157000000000e+03  3.693000000000e-03
3.266000000000e+02  1.536000000000e-02
1.061000000000e+02  5.292900000000e-02
3.811000000000e+01  1.470430000000e-01
1.475000000000e+01  3.056310000000e-01
6.035000000000e+00  3.993450000000e-01
2.530000000000e+00  2.170510000000e-01
S 9 1
3.398000000000e+04 -1.900000000000e-05
5.089000000000e+03 -1.510000000000e-04
1.157000000000e+03 -7.850000000000e-04
3.266000000000e+02 -3.324000000000e-03
1.061000000000e+02 -1.151200000000e-02
3.811000000000e+01 -3.416000000000e-02
1.475000000000e+01 -7.717300000000e-02
6.035000000000e+00 -1.414930000000e-01
2.530000000000e+00 -1.180190000000e-01
S 1 1
7.355000000000e-01  1.000000000000e+00
S 1 1
2.905000000000e-01  1.000000000000e+00
S 1 1
1.111000000000e-01  1.000000000000e+00
S 1 1
4.145000000000e-02  1.000000000000e+00
S 1 1
1.550000000000e-02  1.000000000000e+00
P 3 1
3.451000000000e+01  5.378000000000e-03
7.915000000000e+00  3.613200000000e-02
2.368000000000e+00  1.424930000000e-01
P 1 1
8.132000000000e-01  1.000000000000e+00
P 1 1
2.890000000000e-01  1.000000000000e+00
P 1 1
1.007000000000e-01  1.000000000000e+00
P 1 1
3.218000000000e-02  1.000000000000e+00
P 1 1
1.030000000000e-02  1.000000000000e+00
D 1 1
1.848000000000e+00  1.000000000000e+00
D 1 1
6.490000000000e-01  1.000000000000e+00
D 1 1
2.280000000000e-01  1.000000000000e+00
D 1 1
7.660000000000e-02  1.000000000000e+00
D 1 1
2.570000000000e-02  1.000000000000e+00
F 1 1
1.419000000000e+00  1.000000000000e+00
F 1 1
4.850000000000e-01  1.000000000000e+00
F 1 1
1.870000000000e-01  1.000000000000e+00
F 1 1
7.210000000000e-02  1.000000000000e+00
G 1 1
1.011000000000e+00  1.000000000000e+00
G 1 1
4.240000000000e-01  1.000000000000e+00
G 1 1
1.780000000000e-01  1.000000000000e+00
@END

@ATOMBASIS N
S 9 1
4.584000000000e+04  9.200000000000e-05
6.868000000000e+03  7.170000000000e-04
1.563000000000e+03  3.749000000000e-03
4.424000000000e+02  1.553200000000e-02
1.443000000000e+02  5.314600000000e-02
5.218000000000e+01  1.467870000000e-01
2.034000000000e+01  3.046630000000e-01
8.381000000000e+00  3.976840000000e-01
3.529000000000e+00  2.176410000000e-01
S 9 1
4.584000000000e+04 -2.000000000000e-05
6.868000000000e+03 -1.590000000000e-04
1.563000000000e+03 -8.240000000000e-04
4.424000000000e+02 -3.478000000000e-03
1.443000000000e+02 -1.196600000000e-02
5.218000000000e+01 -3.538800000000e-02
2.034000000000e+01 -8.007700000000e-02
8.381000000000e+00 -1.467220000000e-01
3.529000000000e+00 -1.163600000000e-01
S 1 1
1.054000000000e+00  1.000000000000e+00
S 1 1
4.118000000000e-01  1.000000000000e+00
S 1 1
1.552000000000e-01  1.000000000000e+00
S 1 1
5.464000000000e-02  1.000000000000e+00
S 1 1
1.920000000000e-02  1.000000000000e+00
P 3 1
4.933000000000e+01  5.533000000000e-03
1.137000000000e+01  3.796200000000e-02
3.435000000000e+00  1.490280000000e-01
P 1 1
1.182000000000e+00  1.000000000000e+00
P 1 1
4.173000000000e-01  1.000000000000e+00
P 1 1
1.428000000000e-01  1.000000000000e+00
P 1 1
4.402000000000e-02  1.000000000000e+00
P 1 1
1.360000000000e-02  1.000000000000e+00
D 1 1
2.837000000000e+00  1.000000000000e+00
D 1 1
9.680000000000e-01  1.000000000000e+00
D 1 1
3.350000000000e-01  1.000000000000e+00
D 1 1
1.110000000000e-01  1.000000000000e+00
D 1 1
3.680000000000e-02  1.000000000000e+00
F 1 1
2.027000000000e+00  1.000000000000e+00
F 1 1
6.850000000000e-01  1.000000000000e+00
F 1 1
2.450000000000e-01  1.000000000000e+00
F 1 1
8.760000000000e-02  1.000000000000e+00
G 1 1
1.427000000000e+00  1.000000000000e+00
G 1 1
5.590000000000e-01  1.000000000000e+00
G 1 1
2.190000000000e-01  1.000000000000e+00
@END

@ATOMBASIS O
S 9 1
6.142000000000e+04  9.000000000000e-05
9.199000000000e+03  6.980000000000e-04
2.091000000000e+03  3.664000000000e-03
5.909000000000e+02  1.521800000000e-02
1.923000000000e+02  5.242300000000e-02
6.932000000000e+01  1.459210000000e-01
2.697000000000e+01  3.052580000000e-01
1.110000000000e+01  3.985080000000e-01
4.682000000000e+00  2.169800000000e-01
S 9 1
6.142000000000e+04 -2.000000000000e-05
9.199000000000e+03 -1.590000000000e-04
2.091000000000e+03 -8.290000000000e-04
5.909000000000e+02 -3.508000000000e-03
1.923000000000e+02 -1.215600000000e-02
6.932000000000e+01 -3.626100000000e-02
2.697000000000e+01 -8.299200000000e-02
1.110000000000e+01 -1.520900000000e-01
4.682000000000e+00 -1.153310000000e-01
S 1 1
1.428000000000e+00  1.000000000000e+00
S 1 1
5.547000000000e-01  1.000000000000e+00
S 1 1
2.067000000000e-01  1.000000000000e+00
S 1 1
6.959000000000e-02  1.000000000000e+00
S 1 1
2.340000000000e-02  1.000000000000e+00
P 3 1
6.342000000000e+01  6.044000000000e-03
1.466000000000e+01  4.179900000000e-02
4.459000000000e+00  1.611430000000e-01
P 1 1
1.531000000000e+00  1.000000000000e+00
P 1 1
5.302000000000e-01  1.000000000000e+00
P 1 1
1.750000000000e-01  1.000000000000e+00
P 1 1
5.348000000000e-02  1.000000000000e+00
P 1 1
1.630000000000e-02  1.000000000000e+00
D 1 1
3.775000000000e+00  1.000000000000e+00
D 1 1
1.300000000000e+00  1.000000000000e+00
D 1 1
4.440000000000e-01  1.000000000000e+00
D 1 1
1.540000000000e-01  1.000000000000e+00
D 1 1
5.340000000000e-02  1.000000000000e+00
F 1 1
2.666000000000e+00  1.000000000000e+00
F 1 1
8.590000000000e-01  1.000000000000e+00
F 1 1
3.240000000000e-01  1.000000000000e+00
F 1 1
1.220000000000e-01  1.000000000000e+00
G 1 1
1.846000000000e+00  1.000000000000e+00
G 1 1
7.140000000000e-01  1.000000000000e+00
G 1 1
2.760000000000e-01  1.000000000000e+00
@END

@ATOMBASIS F
S 9 1
7.453000000000e+04  9.500000000000e-05
1.117000000000e+04  7.380000000000e-04
2.543000000000e+03  3.858000000000e-03
7.210000000000e+02  1.592600000000e-02
2.359000000000e+02  5.428900000000e-02
8.560000000000e+01  1.495130000000e-01
3.355000000000e+01  3.082520000000e-01
1.393000000000e+01  3.948530000000e-01
5.915000000000e+00  2.110310000000e-01
S 9 1
7.453000000000e+04 -2.200000000000e-05
1.117000000000e+04 -1.720000000000e-04
2.543000000000e+03 -8.910000000000e-04
7.210000000000e+02 -3.748000000000e-03
2.359000000000e+02 -1.286200000000e-02
8.560000000000e+01 -3.806100000000e-02
3.355000000000e+01 -8.623900000000e-02
1.393000000000e+01 -1.558650000000e-01
5.915000000000e+00 -1.109140000000e-01
S 1 1
1.843000000000e+00  1.000000000000e+00
S 1 1
7.124000000000e-01  1.000000000000e+00
S 1 1
2.637000000000e-01  1.000000000000e+00
S 1 1
8.594000000000e-02  1.000000000000e+00
S 1 1
2.800000000000e-02  1.000000000000e+00
P 3 1
8.039000000000e+01  6.347000000000e-03
1.863000000000e+01  4.420400000000e-02
5.694000000000e+00  1.685140000000e-01
P 1 1
1.953000000000e+00  1.000000000000e+00
P 1 1
6.702000000000e-01  1.000000000000e+00
P 1 1
2.166000000000e-01  1.000000000000e+00
P 1 1
6.568000000000e-02  1.000000000000e+00
P 1 1
1.990000000000e-02  1.000000000000e+00
D 1 1
5.014000000000e+00  1.000000000000e+00
D 1 1
1.725000000000e+00  1.000000000000e+00
D 1 1
5.860000000000e-01  1.000000000000e+00
D 1 1
2.070000000000e-01  1.000000000000e+00
D 1 1
7.310000000000e-02  1.000000000000e+00
F 1 1
3.562000000000e+00  1.000000000000e+00
F 1 1
1.148000000000e+00  1.000000000000e+00
F 1 1
4.600000000000e-01  1.000000000000e+00
F 1 1
1.840000000000e-01  1.000000000000e+00
G 1 1
2.376000000000e+00  1.000000000000e+00
G 1 1
9.240000000000e-01  1.000000000000e+00
G 1 1
3.590000000000e-01  1.000000000000e+00
@END

@ATOMBASIS NE
S 9 1
9.992000000000e+04  8.600000000000e-05
1.496000000000e+04  6.690000000000e-04
3.399000000000e+03  3.518000000000e-03
9.589000000000e+02  1.466700000000e-02
3.112000000000e+02  5.096200000000e-02
1.117000000000e+02  1.437440000000e-01
4.332000000000e+01  3.045620000000e-01
1.780000000000e+01  4.001050000000e-01
7.503000000000e+00  2.186440000000e-01
S 9 1
9.992000000000e+04 -2.000000000000e-05
1.496000000000e+04 -1.580000000000e-04
3.399000000000e+03 -8.240000000000e-04
9.589000000000e+02 -3.500000000000e-03
3.112000000000e+02 -1.223300000000e-02
1.117000000000e+02 -3.701700000000e-02
4.332000000000e+01 -8.611300000000e-02
1.780000000000e+01 -1.583810000000e-01
7.503000000000e+00 -1.142880000000e-01
S 1 1
2.337000000000e+00  1.000000000000e+00
S 1 1
9.001000000000e-01  1.000000000000e+00
S 1 1
3.301000000000e-01  1.000000000000e+00
S 1 1
1.054000000000e-01  1.000000000000e+00
S 1 1
3.370000000000e-02  1.000000000000e+00
P 3 1
9.968000000000e+01  6.566000000000e-03
2.315000000000e+01  4.597900000000e-02
7.108000000000e+00  1.734190000000e-01
P 1 1
2.441000000000e+00  1.000000000000e+00
P 1 1
8.339000000000e-01  1.000000000000e+00
P 1 1
2.662000000000e-01  1.000000000000e+00
P 1 1
8.178000000000e-02  1.000000000000e+00
P 1 1
2.510000000000e-02  1.000000000000e+00
D 1 1
6.471000000000e+00  1.000000000000e+00
D 1 1
2.213000000000e+00  1.000000000000e+00
D 1 1
7.470000000000e-01  1.000000000000e+00
D 1 1
2.730000000000e-01  1.000000000000e+00
D 1 1
9.980000000000e-02  1.000000000000e+00
F 1 1
4.657000000000e+00  1.000000000000e+00
F 1 1
1.524000000000e+00  1.000000000000e+00
F 1 1
6.890000000000e-01  1.000000000000e+00
F 1 1
3.110000000000e-01  1.000000000000e+00
G 1 1
2.983000000000e+00  1.000000000000e+00
G 1 1
1.224000000000e+00  1.000000000000e+00
G 1 1
5.020000000000e-01  1.000000000000e+00
@END
25836db79672ea350836af01f5458de3