@BASIS_SET D-AUG-CC-PVDZ

@ATOMBASIS H
S 3 1
1.301000000000e+01  1.968500000000e-02
1.962000000000e+00  1.379770000000e-01
4.446000000000e-01  4.781480000000e-01
S 1 1
1.220000000000e-01  1.000000000000e+00
S 1 1
2.974000000000e-02  1.000000000000e+00
S 1 1
7.250000000000e-03  1.000000000000e+00
P 1 1
7.270000000000e-01  1.000000000000e+00
P 1 1
1.410000000000e-01  1.000000000000e+00
P 1 1
2.730000000000e-02  1.000000000000e+00
@END

@ATOMBASIS HE
S 3 1
3.836000000000e+01  2.380900000000e-02
5.770000000000e+00  1.548910000000e-01
1.240000000000e+00  4.699870000000e-01
S 1 1
2.976000000000e-01  1.000000000000e+00
S 1 1
7.255000000000e-02  1.000000000000e+00
S 1 1
1.770000000000e-02  1.000000000000e+00
P 1 1
1.275000000000e+00  1.000000000000e+00
P 1 1
2.473000000000e-01  1.000000000000e+00
P 1 1
4.800000000000e-02  1.000000000000e+00
@END

@ATOMBASIS B
S 8 1
4.570000000000e+03  6.960000000000e-04
6.859000000000e+02  5.353000000000e-03
1.565000000000e+02  2.713400000000e-02
4.447000000000e+01  1.013800000000e-01
1.448000000000e+01  2.720550000000e-01
5.131000000000e+00  4.484030000000e-01
1.898000000000e+00  2.901230000000e-01
3.329000000000e-01  1.432200000000e-02
S 8 1
4.570000000000e+03 -1.390000000000e-04
6.859000000000e+02 -1.097000000000e-03
1.565000000000e+02 -5.444000000000e-03
4.447000000000e+01 -2.191600000000e-02
1.448000000000e+01 -5.975100000000e-02
5.131000000000e+00 -1.387320000000e-01
1.898000000000e+00 -1.314820000000e-01
3.329000000000e-01  5.395260000000e-01
S 1 1
1.043000000000e-01  1.000000000000e+00
S 1 1
3.105000000000e-02  1.000000000000e+00
S 1 1
9.240000000000e-03  1.000000000000e+00
P 3 1
6.001000000000e+00  3.548100000000e-02
1.241000000000e+00  1.980720000000e-01
3.364000000000e-01  5.052300000000e-01
P 1 1
9.538000000000e-02  1.000000000000e+00
P 1 1
2.378000000000e-02  1.000000000000e+00
P 1 1
5.930000000000e-03  1.000000000000e+00
D 1 1
3.430000000000e-01  1.000000000000e+00
D 1 1
9.040000000000e-02  1.000000000000e+00
D 1 1
2.380000000000e-02  1.000000000000e+00
@END

@ATOMBASIS C
S 8 1
6.665000000000e+03  6.920000000000e-04
1.000000000000e+03  5.329000000000e-03
2.280000000000e+02  2.707700000000e-02
6.471000000000e+01  1.017180000000e-01
2.106000000000e+01  2.747400000000e-01
7.495000000000e+00  4.485640000000e-01
2.797000000000e+00  2.850740000000e-01
5.215000000000e-01  1.520400000000e-02
S 8 1
6.665000000000e+03 -1.460000000000e-04
1.000000000000e+03 -1.154000000000e-03
2.280000000000e+02 -5.725000000000e-03
6.471000000000e+01 -2.331200000000e-02
2.106000000000e+01 -6.395500000000e-02
7.495000000000e+00 -1.499810000000e-01
2.797000000000e+00 -1.272620000000e-01
5.215000000000e-01  5.445290000000e-01
S 1 1
1.596000000000e-01  1.000000000000e+00
S 1 1
4.690000000000e-02  1.000000000000e+00
S 1 1
1.380000000000e-02  1.000000000000e+00
P 3 1
9.439000000000e+00  3.810900000000e-02
2.002000000000e+00  2.094800000000e-01
5.456000000000e-01  5.085570000000e-01
P 1 1
1.517000000000e-01  1.000000000000e+00
P 1 1
4.041000000000e-02  1.000000000000e+00
P 1 1
1.080000000000e-02  1.000000000000e+00
D 1 1
5.500000000000e-01  1.000000000000e+00
D 1 1
1.510000000000e-01  1.000000000000e+00
D 1 1
4.150000000000e-02  1.000000000000e+00
@END

@ATOMBASIS N
S 8 1
9.046000000000e+03  7.000000000000e-04
1.357000000000e+03  5.389000000000e-03
3.093000000000e+02  2.740600000000e-02
8.773000000000e+01  1.032070000000e-01
2.856000000000e+01  2.787230000000e-01
1.021000000000e+01  4.485400000000e-01
3.838000000000e+00  2.782380000000e-01
7.466000000000e-01  1.544000000000e-02
S 8 1
9.046000000000e+03 -1.530000000000e-04
1.357000000000e+03 -1.208000000000e-03
3.093000000000e+02 -5.992000000000e-03
8.773000000000e+01 -2.454400000000e-02
2.856000000000e+01 -6.745900000000e-02
1.021000000000e+01 -1.580780000000e-01
3.838000000000e+00 -1.218310000000e-01
7.466000000000e-01  5.490030000000e-01
S 1 1
2.248000000000e-01  1.000000000000e+00
S 1 1
6.124000000000e-02  1.000000000000e+00
S 1 1
1.670000000000e-02  1.000000000000e+00
P 3 1
1.355000000000e+01  3.991900000000e-02
2.917000000000e+00  2.171690000000e-01
7.973000000000e-01  5.103190000000e-01
P 1 1
2.185000000000e-01  1.000000000000e+00
P 1 1
5.611000000000e-02  1.000000000000e+00
P 1 1
1.440000000000e-02  1.000000000000e+00
D 1 1
8.170000000000e-01  1.000000000000e+00
D 1 1
2.300000000000e-01  1.000000000000e+00
D 1 1
6.470000000000e-02  1.000000000000e+00
@END

@ATOMBASIS O
S 8 1
1.172000000000e+04  7.100000000000e-04
1.759000000000e+03  5.470000000000e-03
4.008000000000e+02  2.783700000000e-02
1.137000000000e+02  1.048000000000e-01
3.703000000000e+01  2.830620000000e-01
1.327000000000e+01  4.487190000000e-01
5.025000000000e+00  2.709520000000e-01
1.013000000000e+00  1.545800000000e-02
S 8 1
1.172000000000e+04 -1.600000000000e-04
1.759000000000e+03 -1.263000000000e-03
4.008000000000e+02 -6.267000000000e-03
1.137000000000e+02 -2.571600000000e-02
3.703000000000e+01 -7.092400000000e-02
1.327000000000e+01 -1.654110000000e-01
5.025000000000e+00 -1.169550000000e-01
1.013000000000e+00  5.573680000000e-01
S 1 1
3.023000000000e-01  1.000000000000e+00
S 1 1
7.896000000000e-02  1.000000000000e+00
S 1 1
2.060000000000e-02  1.000000000000e+00
P 3 1
1.770000000000e+01  4.301800000000e-02
3.854000000000e+00  2.289130000000e-01
1.046000000000e+00  5.087280000000e-01
P 1 1
2.753000000000e-01  1.000000000000e+00
P 1 1
6.856000000000e-02  1.000000000000e+00
P 1 1
1.710000000000e-02  1.000000000000e+00
D 1 1
1.185000000000e+00  1.000000000000e+00
D 1 1
3.320000000000e-01  1.000000000000e+00
D 1 1
9.300000000000e-02  1.000000000000e+00
@END

@ATOMBASIS F
S 8 1
1.471000000000e+04  7.210000000000e-04
2.207000000000e+03  5.553000000000e-03
5.028000000000e+02  2.826700000000e-02
1.426000000000e+02  1.064440000000e-01
4.647000000000e+01  2.868140000000e-01
1.670000000000e+01  4.486410000000e-01
6.356000000000e+00  2.647610000000e-01
1.316000000000e+00  1.533300000000e-02
S 8 1
1.471000000000e+04 -1.650000000000e-04
2.207000000000e+03 -1.308000000000e-03
5.028000000000e+02 -6.495000000000e-03
1.426000000000e+02 -2.669100000000e-02
4.647000000000e+01 -7.369000000000e-02
1.670000000000e+01 -1.707760000000e-01
6.356000000000e+00 -1.123270000000e-01
1.316000000000e+00  5.628140000000e-01
S 1 1
3.897000000000e-01  1.000000000000e+00
S 1 1
9.863000000000e-02  1.000000000000e+00
S 1 1
2.500000000000e-02  1.000000000000e+00
P 3 1
2.267000000000e+01  4.487800000000e-02
4.977000000000e+00  2.357180000000e-01
1.347000000000e+00  5.085210000000e-01
P 1 1
3.471000000000e-01  1.000000000000e+00
P 1 1
8.502000000000e-02  1.000000000000e+00
P 1 1
2.080000000000e-02  1.000000000000e+00
D 1 1
1.640000000000e+00  1.000000000000e+00
D 1 1
4.640000000000e-01  1.000000000000e+00
D 1 1
1.310000000000e-01  1.000000000000e+00
@END

@ATOMBASIS NE
S 8 1
1.788000000000e+04  7.380000000000e-04
2.683000000000e+03  5.677000000000e-03
6.115000000000e+02  2.888300000000e-02
1.735000000000e+02  1.085400000000e-01
5.664000000000e+01  2.909070000000e-01
2.042000000000e+01  4.483240000000e-01
7.810000000000e+00  2.580260000000e-01
1.653000000000e+00  1.506300000000e-02
S 8 1
1.788000000000e+04 -1.720000000000e-04
2.683000000000e+03 -1.357000000000e-03
6.115000000000e+02 -6.737000000000e-03
1.735000000000e+02 -2.766300000000e-02
5.664000000000e+01 -7.620800000000e-02
2.042000000000e+01 -1.752270000000e-01
7.810000000000e+00 -1.070380000000e-01
1.653000000000e+00  5.670500000000e-01
S 1 1
4.869000000000e-01  1.000000000000e+00
S 1 1
1.230000000000e-01  1.000000000000e+00
S 1 1
3.110000000000e-02  1.000000000000e+00
P 3 1
2.839000000000e+01  4.608700000000e-02
6.270000000000e+00  2.401810000000e-01
1.695000000000e+00  5.087440000000e-01
P 1 1
4.317000000000e-01  1.000000000000e+00
P 1 1
1.064000000000e-01  1.000000000000e+00
P 1 1
2.620000000000e-02  1.000000000000e+00
D 1 1
2.202000000000e+00  1.000000000000e+00
D 1 1
6.310000000000e-01  1.000000000000e+00
D 1 1
1.810000000000e-01  1.000000000000e+00
@END
5745abdac1c14a615f282567358d2097