@ECP_SET DEF2-ECP
NELEC 28
UL F 1
 2 3.843114000000e+00  -1.231690000000e+01
UP S 3
 2 5.036551000000e+00   8.950019800000e+01
 2 1.970849000000e+00   4.937610000000e-01
 2 3.843114000000e+00   1.231690000000e+01
UP P 3
 2 4.258341000000e+00   5.856897400000e+01
 2 1.470709000000e+00   4.317910000000e-01
 2 3.843114000000e+00   1.231690000000e+01
UP D 3
 2 3.023127000000e+00   2.622489800000e+01
 2 6.503830000000e-01   9.628390000000e-01
 2 3.843114000000e+00   1.231690000000e+01
@END
NELEC 28
UL F 1
 2 4.633975000000e+00  -1.580599200000e+01
UP S 3
 2 7.400074000000e+00   1.354794300000e+02
 2 3.606379000000e+00   1.753446300000e+01
 2 4.633975000000e+00   1.580599200000e+01
UP P 3
 2 6.484868000000e+00   8.835970900000e+01
 2 3.288053000000e+00   1.539437200000e+01
 2 4.633975000000e+00   1.580599200000e+01
UP D 3
 2 4.622841000000e+00   2.988898700000e+01
 2 2.246904000000e+00   6.659414000000e+00
 2 4.633975000000e+00   1.580599200000e+01
@END
NELEC 28
UL F 2
 2 6.584212000000e+00  -1.912219811000e+01
 2 3.292106000000e+00  -2.436375430000e+00
UP S 4
 2 7.488049400000e+00   1.351538441200e+02
 2 3.744024700000e+00   1.555244130000e+01
 2 6.584212000000e+00   1.912219811000e+01
 2 3.292106000000e+00   2.436375430000e+00
UP P 4
 2 6.445377200000e+00   8.778499167000e+01
 2 3.222688600000e+00   1.156406599000e+01
 2 6.584212000000e+00   1.912219811000e+01
 2 3.292106000000e+00   2.436375430000e+00
UP D 4
 2 4.658447200000e+00   2.970100072000e+01
 2 2.329223600000e+00   5.539968470000e+00
 2 6.584212000000e+00   1.912219811000e+01
 2 3.292106000000e+00   2.436375430000e+00
@END
NELEC 28
UL F 2
 2 7.540000000000e+00  -2.109377605000e+01
 2 3.770000000000e+00  -3.080694270000e+00
UP S 4
 2 8.200000000000e+00   1.502675910600e+02
 2 4.089727800000e+00   1.897621650000e+01
 2 7.540000000000e+00   2.109377605000e+01
 2 3.770000000000e+00   3.080694270000e+00
UP P 4
 2 7.110000000000e+00   9.962212372000e+01
 2 3.596798000000e+00   1.416873329000e+01
 2 7.540000000000e+00   2.109377605000e+01
 2 3.770000000000e+00   3.080694270000e+00
UP D 4
 2 5.350000000000e+00   3.504512355000e+01
 2 2.491821500000e+00   6.111259480000e+00
 2 7.540000000000e+00   2.109377605000e+01
 2 3.770000000000e+00   3.080694270000e+00
@END
NELEC 28
UL F 2
 2 8.490000000000e+00  -2.292954996000e+01
 2 4.250000000000e+00  -3.666309860000e+00
UP S 4
 2 8.900000000000e+00   1.651791434900e+02
 2 4.430000000000e+00   2.199297437000e+01
 2 8.490000000000e+00   2.292954996000e+01
 2 4.250000000000e+00   3.666309860000e+00
UP P 4
 2 7.770000000000e+00   1.117944144500e+02
 2 3.960000000000e+00   1.663348326000e+01
 2 8.490000000000e+00   2.292954996000e+01
 2 4.250000000000e+00   3.666309860000e+00
UP D 4
 2 6.050000000000e+00   3.811224880000e+01
 2 2.840000000000e+00   8.039167270000e+00
 2 8.490000000000e+00   2.292954996000e+01
 2 4.250000000000e+00   3.666309860000e+00
@END
NELEC 28
UL F 2
 2 9.450000000000e+00  -2.480517707000e+01
 2 4.720000000000e+00  -4.153781550000e+00
UP S 4
 2 9.714593800000e+00   1.801031085000e+02
 2 4.680500400000e+00   2.499722791000e+01
 2 9.450000000000e+00   2.480517707000e+01
 2 4.720000000000e+00   4.153781550000e+00
UP P 4
 2 8.142136600000e+00   1.237727523100e+02
 2 4.625986300000e+00   1.953022800000e+01
 2 9.450000000000e+00   2.480517707000e+01
 2 4.720000000000e+00   4.153781550000e+00
UP D 4
 2 6.618414800000e+00   4.837502229000e+01
 2 3.248751600000e+00   8.892052740000e+00
 2 9.450000000000e+00   2.480517707000e+01
 2 4.720000000000e+00   4.153781550000e+00
@END
NELEC 28
UL F 2
 2 1.040000000000e+01  -2.656244747000e+01
 2 5.200000000000e+00  -4.585680540000e+00
UP S 4
 2 1.042234620000e+01   1.951591659100e+02
 2 5.036516000000e+00   2.809260333000e+01
 2 1.040000000000e+01   2.656244747000e+01
 2 5.200000000000e+00   4.585680540000e+00
UP P 4
 2 8.950449400000e+00   1.352845662200e+02
 2 4.854439400000e+00   2.180650430000e+01
 2 1.040000000000e+01   2.656244747000e+01
 2 5.200000000000e+00   4.585680540000e+00
UP D 4
 2 6.945696800000e+00   5.432972942000e+01
 2 3.970584900000e+00   1.115506795000e+01
 2 1.040000000000e+01   2.656244747000e+01
 2 5.200000000000e+00   4.585680540000e+00
@END
NELEC 28
UL F 2
 2 1.136000000000e+01  -2.834061627000e+01
 2 5.680000000000e+00  -4.944629230000e+00
UP S 4
 2 1.110526930000e+01   2.098229712200e+02
 2 5.414745400000e+00   3.065472642000e+01
 2 1.136000000000e+01   2.834061627000e+01
 2 5.680000000000e+00   4.944629230000e+00
UP P 4
 2 9.771270700000e+00   1.463361822800e+02
 2 5.073990800000e+00   2.412787723000e+01
 2 1.136000000000e+01   2.834061627000e+01
 2 5.680000000000e+00   4.944629230000e+00
UP D 4
 2 7.671423100000e+00   6.751589667000e+01
 2 4.136564700000e+00   9.870104150000e+00
 2 1.136000000000e+01   2.834061627000e+01
 2 5.680000000000e+00   4.944629230000e+00
@END
NELEC 28
UL F 2
 2 1.231000000000e+01  -3.009345572000e+01
 2 6.160000000000e+00  -5.218481920000e+00
UP S 4
 2 1.172000000000e+01   2.253477535300e+02
 2 5.820000000000e+00   3.282318898000e+01
 2 1.231000000000e+01   3.009345572000e+01
 2 6.160000000000e+00   5.218481920000e+00
UP P 4
 2 1.042000000000e+01   1.587094115900e+02
 2 5.450000000000e+00   2.644410049000e+01
 2 1.231000000000e+01   3.009345572000e+01
 2 6.160000000000e+00   5.218481920000e+00
UP D 4
 2 8.820000000000e+00   6.275862572000e+01
 2 3.870000000000e+00   1.097871947000e+01
 2 1.231000000000e+01   3.009345572000e+01
 2 6.160000000000e+00   5.218481920000e+00
@END
NELEC 28
UL F 2
 2 1.327000000000e+01  -3.192955431000e+01
 2 6.630000000000e+00  -5.398216940000e+00
UP S 4
 2 1.243000000000e+01   2.402290403300e+02
 2 6.170759400000e+00   3.517194347000e+01
 2 1.327000000000e+01   3.192955431000e+01
 2 6.630000000000e+00   5.398216940000e+00
UP P 4
 2 1.108000000000e+01   1.704172760500e+02
 2 5.829554100000e+00   2.847213287000e+01
 2 1.327000000000e+01   3.192955431000e+01
 2 6.630000000000e+00   5.398216940000e+00
UP D 4
 2 9.510000000000e+00   6.901384488000e+01
 2 4.139781100000e+00   1.175086158000e+01
 2 1.327000000000e+01   3.192955431000e+01
 2 6.630000000000e+00   5.398216940000e+00
@END
NELEC 28
UL F 2
 2 1.422000000000e+01  -3.368992012000e+01
 2 7.110000000000e+00  -5.531120210000e+00
UP S 4
 2 1.313000000000e+01   2.551393645200e+02
 2 6.510000000000e+00   3.686612154000e+01
 2 1.422000000000e+01   3.368992012000e+01
 2 7.110000000000e+00   5.531120210000e+00
UP P 4
 2 1.174000000000e+01   1.821818687100e+02
 2 6.200000000000e+00   3.035775148000e+01
 2 1.422000000000e+01   3.368992012000e+01
 2 7.110000000000e+00   5.531120210000e+00
UP D 4
 2 1.021000000000e+01   7.371926087000e+01
 2 4.380000000000e+00   1.250211712000e+01
 2 1.422000000000e+01   3.368992012000e+01
 2 7.110000000000e+00   5.531120210000e+00
@END
NELEC 28
UL F 2
 2 1.518479570000e+01  -3.547662555000e+01
 2 7.592397800000e+00  -5.617676850000e+00
UP S 4
 2 1.383586890000e+01   2.700094832400e+02
 2 6.857270400000e+00   3.876730798000e+01
 2 1.518479570000e+01   3.547662555000e+01
 2 7.592397800000e+00   5.617676850000e+00
UP P 4
 2 1.240497100000e+01   1.938296293900e+02
 2 6.567799500000e+00   3.189652523000e+01
 2 1.518479570000e+01   3.547662555000e+01
 2 7.592397800000e+00   5.617676850000e+00
UP D 4
 2 1.089692530000e+01   7.919364700000e+01
 2 4.641164900000e+00   1.323082674000e+01
 2 1.518479570000e+01   3.547662555000e+01
 2 7.592397800000e+00   5.617676850000e+00
@END
NELEC 28
UL F 2
 2 1.253905600000e+01  -1.372807800000e+01
 2 1.255256100000e+01  -1.820686600000e+01
UP S 4
 2 1.539282200000e+01   2.811223500000e+02
 2 8.055864000000e+00   6.190147000000e+01
 2 1.253905600000e+01   1.372807800000e+01
 2 1.255256100000e+01   1.820686600000e+01
UP P 6
 2 1.392867200000e+01   6.746215400000e+01
 2 1.334723400000e+01   1.349492500000e+02
 2 7.614132000000e+00   1.474614000000e+01
 2 7.318365000000e+00   2.963926200000e+01
 2 1.253905600000e+01   1.372807800000e+01
 2 1.255256100000e+01   1.820686600000e+01
UP D 6
 2 1.403471500000e+01   3.549325400000e+01
 2 1.451161600000e+01   5.317877300000e+01
 2 5.550550000000e+00   9.177281000000e+00
 2 5.059415000000e+00   1.239241000000e+01
 2 1.253905600000e+01   1.372807800000e+01
 2 1.255256100000e+01   1.820686600000e+01
@END
NELEC 28
UL F 2
 2 1.228234800000e+01  -1.257633300000e+01
 2 1.227215000000e+01  -1.659594400000e+01
UP S 4
 2 1.742041400000e+01   2.799886820000e+02
 2 7.631155000000e+00   6.237781000000e+01
 2 1.228234800000e+01   1.257633300000e+01
 2 1.227215000000e+01   1.659594400000e+01
UP P 6
 2 1.613102400000e+01   6.616252300000e+01
 2 1.562807700000e+01   1.321743960000e+02
 2 7.325608000000e+00   1.633941700000e+01
 2 6.942519000000e+00   3.248895900000e+01
 2 1.228234800000e+01   1.257633300000e+01
 2 1.227215000000e+01   1.659594400000e+01
UP D 6
 2 1.551497600000e+01   3.638744100000e+01
 2 1.518816000000e+01   5.450784100000e+01
 2 5.456024000000e+00   8.696823000000e+00
 2 5.363105000000e+00   1.284020800000e+01
 2 1.228234800000e+01   1.257633300000e+01
 2 1.227215000000e+01   1.659594400000e+01
@END
NELEC 28
UL F 2
 2 1.444497800000e+01  -1.536680100000e+01
 2 1.444929500000e+01  -2.029613800000e+01
UP S 4
 2 1.633086500000e+01   2.810715810000e+02
 2 8.556542000000e+00   6.171660400000e+01
 2 1.444497800000e+01   1.536680100000e+01
 2 1.444929500000e+01   2.029613800000e+01
UP P 6
 2 1.447033700000e+01   6.745738000000e+01
 2 1.381619400000e+01   1.349335030000e+02
 2 8.424924000000e+00   1.471634400000e+01
 2 8.092728000000e+00   2.951851200000e+01
 2 1.444497800000e+01   1.536680100000e+01
 2 1.444929500000e+01   2.029613800000e+01
UP D 6
 2 1.488633100000e+01   3.544781500000e+01
 2 1.514631900000e+01   5.314346600000e+01
 2 5.908267000000e+00   9.179223000000e+00
 2 5.594322000000e+00   1.324025300000e+01
 2 1.444497800000e+01   1.536680100000e+01
 2 1.444929500000e+01   2.029613800000e+01
@END
NELEC 28
UL F 2
 2 1.520616800000e+01  -1.574545000000e+01
 2 1.520170200000e+01  -2.074244800000e+01
UP S 4
 2 1.681447300000e+01   2.810458430000e+02
 2 8.793526000000e+00   6.162065600000e+01
 2 1.520616800000e+01   1.574545000000e+01
 2 1.520170200000e+01   2.074244800000e+01
UP P 6
 2 1.487780100000e+01   6.744946400000e+01
 2 1.426973100000e+01   1.349043040000e+02
 2 8.724435000000e+00   1.468954700000e+01
 2 8.291515000000e+00   2.941506300000e+01
 2 1.520616800000e+01   1.574545000000e+01
 2 1.520170200000e+01   2.074244800000e+01
UP D 6
 2 1.520500800000e+01   3.543205700000e+01
 2 1.522584800000e+01   5.313568700000e+01
 2 6.071769000000e+00   9.069802000000e+00
 2 5.804760000000e+00   1.312230400000e+01
 2 1.520616800000e+01   1.574545000000e+01
 2 1.520170200000e+01   2.074244800000e+01
@END
NELEC 28
UL F 4
 2 1.945860900000e+01  -2.184204000000e+01
 2 1.934926000000e+01  -2.846819100000e+01
 2 4.823767000000e+00  -2.437130000000e-01
 2 4.884315000000e+00  -3.208040000000e-01
UP S 7
 2 4.001583500000e+01   4.999429300000e+01
 2 1.742974700000e+01   2.810253170000e+02
 2 9.005484000000e+00   6.157332600000e+01
 2 1.945860900000e+01   2.184204000000e+01
 2 1.934926000000e+01   2.846819100000e+01
 2 4.823767000000e+00   2.437130000000e-01
 2 4.884315000000e+00   3.208040000000e-01
UP P 8
 2 1.535546600000e+01   6.744284100000e+01
 2 1.497183300000e+01   1.348811370000e+02
 2 8.960164000000e+00   1.467505100000e+01
 2 8.259096000000e+00   2.937566600000e+01
 2 1.945860900000e+01   2.184204000000e+01
 2 1.934926000000e+01   2.846819100000e+01
 2 4.823767000000e+00   2.437130000000e-01
 2 4.884315000000e+00   3.208040000000e-01
UP D 10
 2 1.506890800000e+01   3.543952900000e+01
 2 1.455532200000e+01   5.317605700000e+01
 2 6.718647000000e+00   9.067195000000e+00
 2 6.456393000000e+00   1.320693700000e+01
 2 1.191779000000e+00   8.933500000000e-02
 2 1.291157000000e+00   5.238000000000e-02
 2 1.945860900000e+01   2.184204000000e+01
 2 1.934926000000e+01   2.846819100000e+01
 2 4.823767000000e+00   2.437130000000e-01
 2 4.884315000000e+00   3.208040000000e-01
@END
NELEC 28
UL F 4
 2 2.088155700000e+01  -2.308929500000e+01
 2 2.078344300000e+01  -3.007447500000e+01
 2 5.253389000000e+00  -2.882270000000e-01
 2 5.361188000000e+00  -3.869240000000e-01
UP S 7
 2 4.000518400000e+01   4.999796200000e+01
 2 1.781221400000e+01   2.810133030000e+02
 2 9.304150000000e+00   6.153825500000e+01
 2 2.088155700000e+01   2.308929500000e+01
 2 2.078344300000e+01   3.007447500000e+01
 2 5.253389000000e+00   2.882270000000e-01
 2 5.361188000000e+00   3.869240000000e-01
UP P 8
 2 1.570177200000e+01   6.743914200000e+01
 2 1.525860800000e+01   1.348747110000e+02
 2 9.292184000000e+00   1.466330000000e+01
 2 8.559003000000e+00   2.935473000000e+01
 2 2.088155700000e+01   2.308929500000e+01
 2 2.078344300000e+01   3.007447500000e+01
 2 5.253389000000e+00   2.882270000000e-01
 2 5.361188000000e+00   3.869240000000e-01
UP D 10
 2 1.518560000000e+01   3.543690800000e+01
 2 1.428450000000e+01   5.319577200000e+01
 2 7.121889000000e+00   9.046232000000e+00
 2 6.991963000000e+00   1.322368100000e+01
 2 6.239460000000e-01   8.485300000000e-02
 2 6.472840000000e-01   4.415500000000e-02
 2 2.088155700000e+01   2.308929500000e+01
 2 2.078344300000e+01   3.007447500000e+01
 2 5.253389000000e+00   2.882270000000e-01
 2 5.361188000000e+00   3.869240000000e-01
@END
NELEC 46
UL F 1
 2 3.123269000000e+00  -2.888430900000e+01
UP S 3
 2 4.079750000000e+00   8.454773000000e+01
 2 2.417406000000e+00   1.665417300000e+01
 2 3.123269000000e+00   2.888430900000e+01
UP P 3
 2 5.514080000000e+00   1.570490590000e+02
 2 2.160316000000e+00   2.642330700000e+01
 2 3.123269000000e+00   2.888430900000e+01
UP D 3
 2 1.807410000000e+00   1.317275300000e+01
 2 8.581820000000e-01   3.342833000000e+00
 2 3.123269000000e+00   2.888430900000e+01
@END
NELEC 46
UL F 1
 2 3.589465000000e+00  -3.347317400000e+01
UP S 3
 2 9.526986000000e+00   4.278458160000e+02
 2 4.487510000000e+00   2.044175300000e+02
 2 3.589465000000e+00   3.347317400000e+01
UP P 3
 2 8.315930000000e+00   2.936058640000e+02
 2 4.292217000000e+00   2.941933160000e+02
 2 3.589465000000e+00   3.347317400000e+01
UP D 3
 2 5.916108000000e+00   1.125504020000e+02
 2 2.874842000000e+00   1.817826210000e+02
 2 3.589465000000e+00   3.347317400000e+01
@END
NELEC 46
UL F 1
 2 4.028600000000e+00  -3.601001600000e+01
UP S 3
 2 3.309900000000e+00   9.193217700000e+01
 2 1.655000000000e+00  -3.788764000000e+00
 2 4.028600000000e+00   3.601001600000e+01
UP P 3
 2 2.836800000000e+00   6.375948600000e+01
 2 1.418400000000e+00  -6.479580000000e-01
 2 4.028600000000e+00   3.601001600000e+01
UP D 3
 2 2.021300000000e+00   3.611617300000e+01
 2 1.010700000000e+00   2.191140000000e-01
 2 4.028600000000e+00   3.601001600000e+01
@END
NELEC 28
UL H 1
 2 1.000000000000e+00   0.000000000000e+00
UP S 1
 2 2.013782900000e+01   5.800834570000e+02
UP P 1
 2 1.599848200000e+01   3.103028330000e+02
UP D 1
 2 1.497418700000e+01   1.678139440000e+02
UP F 1
 2 2.340245500000e+01  -4.939022900000e+01
UP G 1
 2 1.657055300000e+01  -2.133187900000e+01
@END
NELEC 28
UL H 1
 2 1.000000000000e+00   0.000000000000e+00
UP S 1
 2 2.076627800000e+01   5.775731220000e+02
UP P 1
 2 1.607844800000e+01   2.957858460000e+02
UP D 1
 2 1.470508900000e+01   1.508670550000e+02
UP F 1
 2 2.337896900000e+01  -4.873676600000e+01
UP G 1
 2 1.744713800000e+01  -2.232948800000e+01
@END
NELEC 28
UL H 1
 2 1.000000000000e+00   0.000000000000e+00
UP S 1
 2 2.135226700000e+01   5.743709800000e+02
UP P 1
 2 1.611926500000e+01   2.809464400000e+02
UP D 1
 2 1.449410300000e+01   1.386706270000e+02
UP F 1
 2 2.318386000000e+01  -4.752266800000e+01
UP G 1
 2 1.834417400000e+01  -2.334458700000e+01
@END
NELEC 28
UL H 1
 2 1.000000000000e+00   0.000000000000e+00
UP S 1
 2 2.194286500000e+01   5.753957490000e+02
UP P 1
 2 1.655516100000e+01   2.817045140000e+02
UP D 1
 2 1.396030800000e+01   1.235247370000e+02
UP F 1
 2 2.403354600000e+01  -5.074151100000e+01
UP G 1
 2 1.926024500000e+01  -2.437251000000e+01
@END
NELEC 28
UL H 1
 2 1.000000000000e+00   0.000000000000e+00
UP S 1
 2 2.234447100000e+01   5.729853320000e+02
UP P 1
 2 1.669459000000e+01   2.723591450000e+02
UP D 1
 2 1.372770500000e+01   1.152939000000e+02
UP F 1
 2 2.405909200000e+01  -5.110839200000e+01
UP G 1
 2 2.019724900000e+01  -2.542188500000e+01
@END
NELEC 28
UL H 1
 2 1.000000000000e+00   0.000000000000e+00
UP S 1
 2 2.347138400000e+01   6.076593310000e+02
UP P 1
 2 1.677247900000e+01   2.643854760000e+02
UP D 1
 2 1.398134300000e+01   1.153813750000e+02
UP F 1
 2 2.396288800000e+01  -4.940079400000e+01
UP G 1
 2 2.123245800000e+01  -2.674827300000e+01
@END
NELEC 28
UL H 1
 2 1.000000000000e+00   0.000000000000e+00
UP S 1
 2 2.460215100000e+01   6.372008690000e+02
UP P 1
 2 1.688925000000e+01   2.616896010000e+02
UP D 1
 2 1.364335800000e+01   1.068565330000e+02
UP F 1
 2 2.412691700000e+01  -5.068359000000e+01
UP G 1
 2 2.213188700000e+01  -2.757963000000e+01
@END
NELEC 28
UL H 1
 2 1.000000000000e+00   0.000000000000e+00
UP S 1
 2 2.495295600000e+01   6.685971550000e+02
UP P 1
 2 1.761089900000e+01   2.669804750000e+02
UP D 1
 2 1.297600900000e+01   9.750659600000e+01
UP F 1
 2 2.424886900000e+01  -5.217575700000e+01
UP G 1
 2 2.313067200000e+01  -2.869426800000e+01
@END
NELEC 28
UL H 1
 2 1.000000000000e+00   0.000000000000e+00
UP S 1
 2 2.642958600000e+01   7.056712210000e+02
UP P 1
 2 1.731703400000e+01   2.548669890000e+02
UP D 1
 2 1.291359900000e+01   9.504518700000e+01
UP F 1
 2 2.490787800000e+01  -5.457409300000e+01
UP G 1
 2 2.414875300000e+01  -2.982827700000e+01
@END
NELEC 28
UL H 1
 2 1.000000000000e+00   0.000000000000e+00
UP S 1
 2 2.839725700000e+01   7.557031360000e+02
UP P 1
 2 1.743863300000e+01   2.535519980000e+02
UP D 1
 2 1.243421200000e+01   8.963567700000e+01
UP F 1
 2 2.538701000000e+01  -5.548203600000e+01
UP G 1
 2 2.518850100000e+01  -3.099112500000e+01
@END
NELEC 28
UL H 1
 2 1.000000000000e+00   0.000000000000e+00
UP S 1
 2 2.979859200000e+01   8.009528760000e+02
UP P 1
 2 1.811423700000e+01   2.620198690000e+02
UP D 1
 2 1.136958700000e+01   8.017055200000e+01
UP F 1
 2 2.182123300000e+01  -4.233628500000e+01
UP G 1
 2 2.625073500000e+01  -3.218527800000e+01
@END
NELEC 28
UL H 1
 2 1.000000000000e+00   0.000000000000e+00
UP S 1
 2 3.114412200000e+01   8.455107430000e+02
UP P 1
 2 1.809235300000e+01   2.585852390000e+02
UP D 1
 2 1.146915900000e+01   8.072905900000e+01
UP F 1
 2 2.360554400000e+01  -4.870126600000e+01
UP G 1
 2 2.732978100000e+01  -3.339549600000e+01
@END
NELEC 28
UL H 1
 2 1.000000000000e+00   0.000000000000e+00
UP S 1
 2 3.242448400000e+01   8.910137770000e+02
UP P 1
 2 1.865623200000e+01   2.640369530000e+02
UP D 1
 2 1.049022200000e+01   7.392391900000e+01
UP F 1
 2 2.077418300000e+01  -3.959217300000e+01
UP G 1
 2 2.843102800000e+01  -3.463863800000e+01
@END
NELEC 28
UL H 1
 2 1.000000000000e+00   0.000000000000e+00
UP S 1
 2 3.516209700000e+01   9.899955840000e+02
UP P 1
 2 1.946440200000e+01   2.788656520000e+02
UP D 1
 2 1.000686500000e+01   7.100917800000e+01
UP F 1
 2 2.351793200000e+01  -4.740589000000e+01
UP G 1
 2 2.941223800000e+01  -3.555714600000e+01
@END
NELEC 60
UL F 1
 2 1.785769840000e+00   1.004672251000e+01
UP S 3
 2 1.476995900000e+01   1.499284710730e+03
 2 7.384979400000e+00   4.028210136000e+01
 2 1.785769840000e+00  -1.004672251000e+01
UP P 3
 2 9.849489500000e+00   3.977330053300e+02
 2 4.924744500000e+00   1.931640586000e+01
 2 1.785769840000e+00  -1.004672251000e+01
UP D 3
 2 6.096756400000e+00   1.013298052600e+02
 2 3.048378200000e+00   5.873438210000e+00
 2 1.785769840000e+00  -1.004672251000e+01
@END
NELEC 60
UL F 1
 2 2.017881110000e+00   1.201796094000e+01
UP S 3
 2 1.454640770000e+01   1.345880647030e+03
 2 7.273203800000e+00   3.676680620000e+01
 2 2.017881110000e+00  -1.201796094000e+01
UP P 3
 2 9.935565290000e+00   3.784253014500e+02
 2 4.967782430000e+00   2.229309086000e+01
 2 2.017881110000e+00  -1.201796094000e+01
UP D 3
 2 6.347376910000e+00   1.048839557100e+02
 2 3.173688460000e+00   8.755848050000e+00
 2 2.017881110000e+00  -1.201796094000e+01
@END
NELEC 60
UL F 1
 2 2.258888460000e+00   1.415257947000e+01
UP S 3
 2 1.432285640000e+01   1.192395882260e+03
 2 7.161428100000e+00   3.252293315000e+01
 2 2.258888460000e+00  -1.415257947000e+01
UP P 3
 2 1.002164110000e+01   3.590319671100e+02
 2 5.010820400000e+00   2.403038019000e+01
 2 2.258888460000e+00  -1.415257947000e+01
UP D 3
 2 6.597997430000e+00   1.083013489700e+02
 2 3.298998710000e+00   1.098252827000e+01
 2 2.258888460000e+00  -1.415257947000e+01
@END
NELEC 60
UL F 1
 2 2.508650590000e+00   1.644985227000e+01
UP S 3
 2 1.409930510000e+01   1.038951572260e+03
 2 7.049652500000e+00   2.956173830000e+01
 2 2.508650590000e+00  -1.644985227000e+01
UP P 3
 2 1.010771690000e+01   3.395435096500e+02
 2 5.053858300000e+00   2.491369646000e+01
 2 2.508650590000e+00  -1.644985227000e+01
UP D 3
 2 6.848617940000e+00   1.116996527500e+02
 2 3.424308970000e+00   1.262432927000e+01
 2 2.508650590000e+00  -1.644985227000e+01
@END
NELEC 60
UL F 1
 2 2.767075100000e+00   1.890945701000e+01
UP S 3
 2 1.387575390000e+01   8.854057191400e+02
 2 6.937876900000e+00   2.596704014000e+01
 2 2.767075100000e+00  -1.890945701000e+01
UP P 3
 2 1.019379260000e+01   3.200839018500e+02
 2 5.096896200000e+00   2.614876493000e+01
 2 2.767075100000e+00  -1.890945701000e+01
UP D 3
 2 7.099238460000e+00   1.150448431300e+02
 2 3.549619230000e+00   1.362257457000e+01
 2 2.767075100000e+00  -1.890945701000e+01
@END
NELEC 60
UL F 1
 2 3.034071920000e+00   2.153103107000e+01
UP S 3
 2 1.365220260000e+01   7.322691997800e+02
 2 6.826101300000e+00   2.648472087000e+01
 2 3.034071920000e+00  -2.153103107000e+01
UP P 3
 2 1.027986840000e+01   2.994894735700e+02
 2 5.139934100000e+00   2.646623354000e+01
 2 3.034071920000e+00  -2.153103107000e+01
UP D 3
 2 7.349858970000e+00   1.244575945100e+02
 2 3.674929490000e+00   1.403599518000e+01
 2 3.034071920000e+00  -2.153103107000e+01
@END
NELEC 60
UL F 1
 2 3.309568570000e+00   2.431437573000e+01
UP S 3
 2 1.342865130000e+01   5.792238609200e+02
 2 6.714325600000e+00   2.966949062000e+01
 2 3.309568570000e+00  -2.431437573000e+01
UP P 3
 2 1.036594420000e+01   2.808607742200e+02
 2 5.182972100000e+00   2.674538204000e+01
 2 3.309568570000e+00  -2.431437573000e+01
UP D 3
 2 7.600479490000e+00   1.203964442900e+02
 2 3.800239740000e+00   1.581092058000e+01
 2 3.309568570000e+00  -2.431437573000e+01
@END
NELEC 60
UL F 2
 2 4.789820000000e+00   3.049008890000e+01
 2 2.394910000000e+00   5.171073810000e+00
UP S 4
 2 1.320510000000e+01   4.268466792000e+02
 2 6.602550000000e+00   3.700708285000e+01
 2 4.789820000000e+00  -3.049008890000e+01
 2 2.394910000000e+00  -5.171073810000e+00
UP P 4
 2 1.045202000000e+01   2.611995803800e+02
 2 5.226010000000e+00   2.696249604000e+01
 2 4.789820000000e+00  -3.049008890000e+01
 2 2.394910000000e+00  -5.171073810000e+00
UP D 4
 2 7.851100000000e+00   1.247906656100e+02
 2 3.925550000000e+00   1.630072573000e+01
 2 4.789820000000e+00  -3.049008890000e+01
 2 2.394910000000e+00  -5.171073810000e+00
@END
NELEC 60
UL F 1
 2 3.885791120000e+00   3.036499643000e+01
UP S 3
 2 1.298154870000e+01   2.757372117400e+02
 2 6.490774400000e+00   4.908921249000e+01
 2 3.885791120000e+00  -3.036499643000e+01
UP P 3
 2 1.053809580000e+01   2.415400739800e+02
 2 5.269047900000e+00   2.739659081000e+01
 2 3.885791120000e+00  -3.036499643000e+01
UP D 3
 2 8.101720510000e+00   1.278670076100e+02
 2 4.050860260000e+00   1.660831151000e+01
 2 3.885791120000e+00  -3.036499643000e+01
@END
NELEC 60
UL F 4
 2 5.626399000000e+00   1.582548800000e+01
 2 5.548952000000e+00   2.110402100000e+01
 2 2.874946000000e+00   2.915127000000e+00
 2 2.821451000000e+00   3.896903000000e+00
UP S 6
 2 1.216780500000e+01   2.812846630000e+02
 2 8.294909000000e+00   6.243425100000e+01
 2 5.626399000000e+00  -1.582548800000e+01
 2 5.548952000000e+00  -2.110402100000e+01
 2 2.874946000000e+00  -2.915127000000e+00
 2 2.821451000000e+00  -3.896903000000e+00
UP P 8
 2 7.151492000000e+00   4.633408000000e+00
 2 5.172865000000e+00   9.341756000000e+00
 2 9.891072000000e+00   7.229925300000e+01
 2 9.003391000000e+00   1.445580370000e+02
 2 5.626399000000e+00  -1.582548800000e+01
 2 5.548952000000e+00  -2.110402100000e+01
 2 2.874946000000e+00  -2.915127000000e+00
 2 2.821451000000e+00  -3.896903000000e+00
UP D 8
 2 7.130218000000e+00   3.594303900000e+01
 2 6.926906000000e+00   5.390959300000e+01
 2 5.417570000000e+00   1.038193900000e+01
 2 5.138681000000e+00   1.558382200000e+01
 2 5.626399000000e+00  -1.582548800000e+01
 2 5.548952000000e+00  -2.110402100000e+01
 2 2.874946000000e+00  -2.915127000000e+00
 2 2.821451000000e+00  -3.896903000000e+00
@END
NELEC 60
UL F 2
 2 3.887512000000e+00   1.220989200000e+01
 2 3.811963000000e+00   1.619029100000e+01
UP S 4
 2 1.229630300000e+01   2.812854990000e+02
 2 8.632634000000e+00   6.252021700000e+01
 2 3.887512000000e+00  -1.220989200000e+01
 2 3.811963000000e+00  -1.619029100000e+01
UP P 6
 2 1.024179000000e+01   7.227689700000e+01
 2 8.924176000000e+00   1.445910830000e+02
 2 6.581342000000e+00   4.758693000000e+00
 2 6.255403000000e+00   9.940621000000e+00
 2 3.887512000000e+00  -1.220989200000e+01
 2 3.811963000000e+00  -1.619029100000e+01
UP D 6
 2 7.754336000000e+00   3.584850700000e+01
 2 7.720281000000e+00   5.372434200000e+01
 2 4.970264000000e+00   1.011525600000e+01
 2 4.563789000000e+00   1.483373100000e+01
 2 3.887512000000e+00  -1.220989200000e+01
 2 3.811963000000e+00  -1.619029100000e+01
@END
NELEC 60
UL F 2
 2 4.214546000000e+00   1.371338300000e+01
 2 4.133400000000e+00   1.819430800000e+01
UP S 4
 2 1.304309000000e+01   2.832642270000e+02
 2 8.221682000000e+00   6.247195900000e+01
 2 4.214546000000e+00  -1.371338300000e+01
 2 4.133400000000e+00  -1.819430800000e+01
UP P 6
 2 1.046777700000e+01   7.200149900000e+01
 2 9.118901000000e+00   1.440022770000e+02
 2 6.754791000000e+00   5.007945000000e+00
 2 6.252592000000e+00   9.991550000000e+00
 2 4.214546000000e+00  -1.371338300000e+01
 2 4.133400000000e+00  -1.819430800000e+01
UP D 6
 2 8.081474000000e+00   3.639625900000e+01
 2 7.890595000000e+00   5.459766400000e+01
 2 4.955556000000e+00   9.984294000000e+00
 2 4.704559000000e+00   1.498148500000e+01
 2 4.214546000000e+00  -1.371338300000e+01
 2 4.133400000000e+00  -1.819430800000e+01
@END
NELEC 60
UL F 4
 2 5.013270000000e+00   1.742829500000e+01
 2 4.984640000000e+00   2.338035300000e+01
 2 1.326760000000e+00   1.633920000000e-01
 2 1.528758000000e+00   3.245660000000e-01
UP S 6
 2 1.327722700000e+01   2.832447060000e+02
 2 8.399518000000e+00   6.239646100000e+01
 2 5.013270000000e+00  -1.742829500000e+01
 2 4.984640000000e+00  -2.338035300000e+01
 2 1.326760000000e+00  -1.633920000000e-01
 2 1.528758000000e+00  -3.245660000000e-01
UP P 8
 2 1.066568200000e+01   7.199171600000e+01
 2 9.283753000000e+00   1.439718710000e+02
 2 6.872749000000e+00   4.949615000000e+00
 2 6.326150000000e+00   9.740499000000e+00
 2 5.013270000000e+00  -1.742829500000e+01
 2 4.984640000000e+00  -2.338035300000e+01
 2 1.326760000000e+00  -1.633920000000e-01
 2 1.528758000000e+00  -3.245660000000e-01
UP D 8
 2 8.214866000000e+00   3.637838300000e+01
 2 8.008696000000e+00   5.456271500000e+01
 2 5.055227000000e+00   9.889499000000e+00
 2 4.782553000000e+00   1.469387700000e+01
 2 5.013270000000e+00  -1.742829500000e+01
 2 4.984640000000e+00  -2.338035300000e+01
 2 1.326760000000e+00  -1.633920000000e-01
 2 1.528758000000e+00  -3.245660000000e-01
@END
NELEC 60
UL F 4
 2 5.812163000000e+00   1.987019800000e+01
 2 5.753715000000e+00   2.641645200000e+01
 2 2.513472000000e+00   9.949700000000e-01
 2 2.536261000000e+00   1.490701000000e+00
UP S 7
 2 3.020083200000e+01   4.995715800000e+01
 2 1.361230600000e+01   2.832103710000e+02
 2 8.529340000000e+00   6.228105200000e+01
 2 5.812163000000e+00  -1.987019800000e+01
 2 5.753715000000e+00  -2.641645200000e+01
 2 2.513472000000e+00  -9.949700000000e-01
 2 2.536261000000e+00  -1.490701000000e+00
UP P 8
 2 1.085406500000e+01   7.198237100000e+01
 2 9.468229000000e+00   1.439035320000e+02
 2 7.031114000000e+00   4.871759000000e+00
 2 6.143858000000e+00   8.983059000000e+00
 2 5.812163000000e+00  -1.987019800000e+01
 2 5.753715000000e+00  -2.641645200000e+01
 2 2.513472000000e+00  -9.949700000000e-01
 2 2.536261000000e+00  -1.490701000000e+00
UP D 8
 2 8.313515000000e+00   3.636323700000e+01
 2 7.998965000000e+00   5.454897000000e+01
 2 5.179966000000e+00   9.776285000000e+00
 2 4.942226000000e+00   1.426475500000e+01
 2 5.812163000000e+00  -1.987019800000e+01
 2 5.753715000000e+00  -2.641645200000e+01
 2 2.513472000000e+00  -9.949700000000e-01
 2 2.536261000000e+00  -1.490701000000e+00
@END
NELEC 60
UL F 4
 2 6.348571000000e+00   2.179729000000e+01
 2 6.295949000000e+00   2.894680500000e+01
 2 2.882118000000e+00   1.447365000000e+00
 2 2.908048000000e+00   2.177964000000e+00
UP S 7
 2 3.015124200000e+01   4.996555100000e+01
 2 1.452124100000e+01   2.830700000000e+02
 2 8.052038000000e+00   6.200287000000e+01
 2 6.348571000000e+00  -2.179729000000e+01
 2 6.295949000000e+00  -2.894680500000e+01
 2 2.882118000000e+00  -1.447365000000e+00
 2 2.908048000000e+00  -2.177964000000e+00
UP P 8
 2 1.100994200000e+01   7.196911900000e+01
 2 9.617625000000e+00   1.438605590000e+02
 2 7.336008000000e+00   4.714761000000e+00
 2 6.406253000000e+00   9.013065000000e+00
 2 6.348571000000e+00  -2.179729000000e+01
 2 6.295949000000e+00  -2.894680500000e+01
 2 2.882118000000e+00  -1.447365000000e+00
 2 2.908048000000e+00  -2.177964000000e+00
UP D 8
 2 8.369220000000e+00   3.636836500000e+01
 2 8.116975000000e+00   5.455176100000e+01
 2 5.353656000000e+00   9.634487000000e+00
 2 5.097212000000e+00   1.438790200000e+01
 2 6.348571000000e+00  -2.179729000000e+01
 2 6.295949000000e+00  -2.894680500000e+01
 2 2.882118000000e+00  -1.447365000000e+00
 2 2.908048000000e+00  -2.177964000000e+00
@END
bf580ce42713c67b9ba74be0e6c51399