@BASIS_SET DEF2-TZVPP

@ATOMBASIS H
S 3  1
3.406134100000e+01  6.025197800000e-03
5.123574600000e+00  4.502109400000e-02
1.164662600000e+00  2.018972600000e-01
S 1  1
3.272304100000e-01  1.000000000000e+00
S 1  1
1.030724100000e-01  1.000000000000e+00
P 1  1
1.407000000000e+00  1.000000000000e+00
P 1  1
3.880000000000e-01  1.000000000000e+00
D 1  1
1.057000000000e+00  1.000000000000e+00
@END

@ATOMBASIS HE
S 3  1
9.807832161600e+01  7.580306496700e-03
1.476440424700e+01  5.484862093700e-02
3.318583147300e+00  2.207438218600e-01
S 1  1
8.741386955100e-01  1.000000000000e+00
S 1  1
2.445989720800e-01  1.000000000000e+00
P 1  1
3.044000000000e+00  1.000000000000e+00
P 1  1
7.580000000000e-01  1.000000000000e+00
D 1  1
1.965000000000e+00  1.000000000000e+00
@END

@ATOMBASIS LI
S 6  1
6.269262801000e+03  2.054096882600e-04
9.403161243100e+02  1.591655408900e-03
2.142210752800e+02  8.286982970700e-03
6.075984018400e+01  3.385637424900e-02
1.991515203200e+01  1.110322587600e-01
7.317150979700e+00  2.744938332900e-01
S 2  1
2.972467421600e+00  2.379245641100e-01
1.263985231400e+00  3.076541192400e-01
S 1  1
5.142748995300e-01  1.000000000000e+00
S 1  1
7.703088590100e-02  1.000000000000e+00
S 1  1
2.893889643300e-02  1.000000000000e+00
P 1  1
4.000000000000e-01  1.000000000000e+00
P 1  1
6.000000000000e-02  1.000000000000e+00
P 1  1
3.327000000000e+00  1.000000000000e+00
D 1  1
1.319000000000e-01  1.000000000000e+00
@END

@ATOMBASIS BE
S 6  1
4.700236562600e+03  2.358438931600e-04
7.048284562200e+02  1.824379101900e-03
1.604311047800e+02  9.396614822400e-03
4.542534733600e+01  3.690892415900e-02
1.479833412500e+01  1.089756128100e-01
5.351245253700e+00  2.169428455100e-01
S 2  1
2.154204481900e+00  4.469540885700e-01
9.336374440000e-01  2.086698577100e-01
S 1  1
1.879143298900e-01  1.000000000000e+00
S 1  1
7.464826794700e-02  1.000000000000e+00
S 1  1
3.265048459800e-02  1.000000000000e+00
P 2  1
7.169569436600e-01 -1.687785403200e-01
1.954193286000e-01 -5.140341962800e-01
P 1  1
3.631691714500e+00  1.000000000000e+00
P 1  1
6.051546589000e-02  1.000000000000e+00
D 1  1
1.800000000000e-01  1.000000000000e+00
@END

@ATOMBASIS B
S 6  1
8.564866068700e+03  2.283719815500e-04
1.284151626300e+03  1.768257644700e-03
2.922787160400e+02  9.140708051600e-03
8.277546917600e+01  3.634263898900e-02
2.701793926900e+01  1.106345844100e-01
9.814961966000e+00  2.336734432100e-01
S 2  1
3.931855905900e+00  4.181877797800e-01
1.659559971200e+00  2.232547379800e-01
S 1  1
3.576296523900e-01  1.000000000000e+00
S 1  1
1.424627749600e-01  1.000000000000e+00
S 1  1
6.056059476800e-02  1.000000000000e+00
P 4  1
2.245387580300e+01  5.026557517900e-03
5.104505833000e+00  3.280173896500e-02
1.498608134400e+00  1.315123076800e-01
5.092783131500e-01  3.319716776900e-01
P 1  1
1.814707779800e-01  1.000000000000e+00
P 1  1
6.462189390400e-02  1.000000000000e+00
D 1  1
6.610000000000e-01  1.000000000000e+00
D 1  1
1.990000000000e-01  1.000000000000e+00
F 1  1
4.900000000000e-01  1.000000000000e+00
@END

@ATOMBASIS C
S 6  1
1.357534968200e+04  2.224581435200e-04
2.035233368000e+03  1.723273825200e-03
4.632256235900e+02  8.925571531400e-03
1.312001959800e+02  3.572798450200e-02
4.285301589100e+01  1.107625993100e-01
1.558418576600e+01  2.429562762600e-01
S 2  1
6.206713850800e+00  4.144026344800e-01
2.576489652700e+00  2.374496865500e-01
S 1  1
5.769633941900e-01  1.000000000000e+00
S 1  1
2.297283135800e-01  1.000000000000e+00
S 1  1
9.516444002800e-02  1.000000000000e+00
P 4  1
3.469723224400e+01  5.333365780500e-03
7.958262282600e+00  3.586410909200e-02
2.378082688300e+00  1.421587332900e-01
8.143320818300e-01  3.427047184500e-01
P 1  1
2.888754725300e-01  1.000000000000e+00
P 1  1
1.005682367100e-01  1.000000000000e+00
D 1  1
1.097000000000e+00  1.000000000000e+00
D 1  1
3.180000000000e-01  1.000000000000e+00
F 1  1
7.610000000000e-01  1.000000000000e+00
@END

@ATOMBASIS N
S 6  1
1.973080064700e+04  2.188798499100e-04
2.957895874500e+03  1.696070880300e-03
6.732213359500e+02  8.795460353800e-03
1.906824949400e+02  3.535938260500e-02
6.229544189800e+01  1.109578921700e-01
2.265416118200e+01  2.498297255200e-01
S 2  1
8.979147742800e+00  4.062389614800e-01
3.686300237000e+00  2.433821717600e-01
S 1  1
8.466007680500e-01  1.000000000000e+00
S 1  1
3.364713377100e-01  1.000000000000e+00
S 1  1
1.364765367500e-01  1.000000000000e+00
P 4  1
4.920038051000e+01  5.555241675100e-03
1.134679053700e+01  3.805237972300e-02
3.427397241100e+00  1.495367102900e-01
1.178552513400e+00  3.494930523000e-01
P 1  1
4.164220497200e-01  1.000000000000e+00
P 1  1
1.426082601100e-01  1.000000000000e+00
D 1  1
1.654000000000e+00  1.000000000000e+00
D 1  1
4.690000000000e-01  1.000000000000e+00
F 1  1
1.093000000000e+00  1.000000000000e+00
@END

@ATOMBASIS O
S 6  1
2.703238263100e+04  2.172630246500e-04
4.052387139200e+03  1.683866219900e-03
9.223272271000e+02  8.739561626500e-03
2.612407098900e+02  3.523996880800e-02
8.535464135100e+01  1.115351911500e-01
3.103503524500e+01  2.558895396100e-01
S 2  1
1.226086072800e+01  3.976873090100e-01
4.998707600500e+00  2.462784943000e-01
S 1  1
1.170310815800e+00  1.000000000000e+00
S 1  1
4.647474099400e-01  1.000000000000e+00
S 1  1
1.850453635700e-01  1.000000000000e+00
P 4  1
6.327495480100e+01  6.068510341800e-03
1.462704937900e+01  4.191257582400e-02
4.450122345600e+00  1.615384108800e-01
1.527579964700e+00  3.570695131100e-01
P 1  1
5.293511794300e-01  1.000000000000e+00
P 1  1
1.747842127000e-01  1.000000000000e+00
D 1  1
2.314000000000e+00  1.000000000000e+00
D 1  1
6.450000000000e-01  1.000000000000e+00
F 1  1
1.428000000000e+00  1.000000000000e+00
@END

@ATOMBASIS F
S 6  1
3.547910044100e+04  2.154501488800e-04
5.318472898300e+03  1.670068652700e-03
1.210481097500e+03  8.673321147600e-03
3.428551814000e+02  3.504993317500e-02
1.120194318100e+02  1.116532013300e-01
4.071474024800e+01  2.598850664700e-01
S 2  1
1.603967811100e+01  3.942296688000e-01
6.503818674000e+00  2.499823855100e-01
S 1  1
1.544047750900e+00  1.000000000000e+00
S 1  1
6.122345286200e-01  1.000000000000e+00
S 1  1
2.402797969800e-01  1.000000000000e+00
P 4  1
8.023390048300e+01  6.368599913400e-03
1.859401074300e+01  4.430314353000e-02
5.686790265300e+00  1.686724870800e-01
1.951100629400e+00  3.616634625500e-01
P 1  1
6.697021129800e-01  1.000000000000e+00
P 1  1
2.165130041000e-01  1.000000000000e+00
D 1  1
3.107000000000e+00  1.000000000000e+00
D 1  1
8.550000000000e-01  1.000000000000e+00
F 1  1
1.917000000000e+00  1.000000000000e+00
@END

@ATOMBASIS NE
S 6  1
4.506946402200e+04  2.168715518200e-04
6.755976865600e+03  1.681273675700e-03
1.537650286400e+03  8.735606278200e-03
4.355169766700e+02  3.536126692200e-02
1.422865563800e+02  1.132152145400e-01
5.169215380400e+01  2.665465310400e-01
S 2  1
2.031587049000e+01  3.963195995100e-01
8.202194264600e+00  2.558281125100e-01
S 1  1
1.968127627800e+00  1.000000000000e+00
S 1  1
7.790475600100e-01  1.000000000000e+00
S 1  1
3.022950204300e-01  1.000000000000e+00
P 4  1
9.978299603200e+01  6.556923416300e-03
2.317612410100e+01  4.588800913800e-02
7.116394587200e+00  1.733128781200e-01
2.441871143500e+00  3.647526751200e-01
P 1  1
8.338960576600e-01  1.000000000000e+00
P 1  1
2.660731130100e-01  1.000000000000e+00
D 1  1
4.014000000000e+00  1.000000000000e+00
D 1  1
1.096000000000e+00  1.000000000000e+00
F 1  1
2.544000000000e+00  1.000000000000e+00
@END

@ATOMBASIS NA
S 7  1
2.604110992700e+04  6.180634281100e-04
3.906126854800e+03  4.774860441400e-03
8.889745499300e+02  2.447168482900e-02
2.514549796100e+02  9.475539497700e-02
8.165014351200e+01  2.686749692000e-01
2.890415840100e+01  4.792547544000e-01
1.062578293200e+01  3.324859146900e-01
S 3  1
5.376941017900e+01  1.952773187200e-02
1.630824302500e+01  9.264801079400e-02
2.373038412500e+00 -3.993867017200e-01
S 2  1
9.573077260300e-01  1.642859539100e+00
4.080646095900e-01  5.569259696600e-01
S 1  1
4.996758232900e-02  1.000000000000e+00
S 1  1
1.926861625000e-02  1.000000000000e+00
P 5  1
1.380797998900e+02  5.795189192900e-03
3.223270039300e+01  4.162084625100e-02
9.981607536000e+00  1.628191688500e-01
3.482203392800e+00  3.601178464700e-01
1.229913462000e+00  4.485897988900e-01
P 1  1
4.174395942300e-01  1.000000000000e+00
P 1  1
3.000000000000e-02  1.000000000000e+00
P 1  1
9.100000000000e-02  1.000000000000e+00
D 1  1
2.609000000000e+00  1.000000000000e+00
D 1  1
4.300000000000e-01  1.000000000000e+00
D 1  1
1.000000000000e-01  1.000000000000e+00
@END

@ATOMBASIS MG
S 7  1
3.143834955500e+04  6.091231132600e-04
4.715515335400e+03  4.706619646500e-03
1.073162924700e+03  2.413582065700e-02
3.035723876800e+02  9.362895983400e-02
9.862625104200e+01  2.664674209300e-01
3.494380841700e+01  4.789092991700e-01
1.285978519900e+01  3.369849028600e-01
S 3  1
6.487691300400e+01  1.918088930700e-02
1.972552077700e+01  9.091370439200e-02
2.895180433900e+00 -3.956375612500e-01
S 2  1
1.196045471000e+00  1.682760337300e+00
5.432945115600e-01  5.214109195400e-01
S 1  1
1.009910409200e-01  1.000000000000e+00
S 1  1
3.686572808500e-02  1.000000000000e+00
P 5  1
1.798718961200e+02  5.379954901800e-03
4.212006937600e+01  3.931801409800e-02
1.312050303200e+01  1.574012947600e-01
4.625750360900e+00  3.591909412800e-01
1.669521101600e+00  4.553337931000e-01
P 1  1
5.855101210500e-01  1.000000000000e+00
P 1  1
1.891479619500e-01  1.000000000000e+00
P 1  1
5.376875518700e-02  1.000000000000e+00
D 1  1
3.444000000000e+00  1.000000000000e+00
D 1  1
2.900000000000e-01  1.000000000000e+00
D 1  1
7.000000000000e-02  1.000000000000e+00
@END

@ATOMBASIS AL
S 7  1
3.779255077200e+04  5.704788870900e-04
5.668068216500e+03  4.409301653800e-03
1.289858284100e+03  2.263096741100e-02
3.648659602800e+02  8.802564429500e-02
1.185763151500e+02  2.522370161200e-01
4.202486760500e+01  4.596054716900e-01
1.549950162900e+01  3.327788601400e-01
S 3  1
7.520802659800e+01  1.925056019000e-02
2.303140897200e+01  8.790674395200e-02
3.634879764900e+00 -3.424670453500e-01
S 2  1
1.606504995700e+00  1.510626605800e+00
7.610339458100e-01  5.807101647000e-01
S 1  1
1.655670884900e-01  1.000000000000e+00
S 1  1
6.004157711300e-02  1.000000000000e+00
P 5  1
4.525230319200e+02  2.311081246600e-03
1.070819504900e+02  1.856864182300e-02
3.413102125500e+01  8.721623703500e-02
1.258703742800e+01  2.690210152300e-01
4.981191970400e+00  5.212832427200e-01
P 1  1
2.007035090000e+00  1.000000000000e+00
P 1  1
8.008371437400e-01  1.000000000000e+00
P 1  1
2.017892747200e-01  1.000000000000e+00
P 1  1
5.789555039200e-02  1.000000000000e+00
D 1  1
1.570000000000e+00  1.000000000000e+00
D 1  1
3.330000000000e-01  1.000000000000e+00
D 1  1
1.110000000000e-01  1.000000000000e+00
F 1  1
2.440000000000e-01  1.000000000000e+00
@END

@ATOMBASIS SI
S 7  1
4.477335807800e+04  5.591476586800e-04
6.717199210400e+03  4.320604018900e-03
1.528896032500e+03  2.218709646000e-02
4.325474658500e+02  8.648924911600e-02
1.406150522600e+02  2.493988971600e-01
4.985763672400e+01  4.601719736600e-01
1.843497488500e+01  3.425023657500e-01
S 3  1
8.653388611100e+01  2.130006300700e-02
2.662460684600e+01  9.467613931800e-02
4.495305715900e+00 -3.261626485900e-01
S 2  1
2.103504571000e+00  1.398080385000e+00
1.010609492200e+00  6.386578669900e-01
S 1  1
2.370175148900e-01  1.000000000000e+00
S 1  1
8.570340536200e-02  1.000000000000e+00
P 5  1
3.944750362800e+02  2.628569395900e-03
9.313768310400e+01  2.055625774900e-02
2.951960874200e+01  9.207026280100e-02
1.078166379100e+01  2.556588973900e-01
4.162657477800e+00  4.211170718500e-01
P 1  1
1.624797298900e+00  1.000000000000e+00
P 1  1
5.430666049300e-01  1.000000000000e+00
P 1  1
2.058207395600e-01  1.000000000000e+00
P 1  1
7.005348730600e-02  1.000000000000e+00
D 1  1
2.303000000000e+00  1.000000000000e+00
D 1  1
4.760000000000e-01  1.000000000000e+00
D 1  1
1.600000000000e-01  1.000000000000e+00
F 1  1
3.360000000000e-01  1.000000000000e+00
@END

@ATOMBASIS P
S 7  1
5.242699923300e+04  5.520716410000e-04
7.863266055200e+03  4.267859530800e-03
1.789522733300e+03  2.193152918600e-02
5.062730016500e+02  8.566716837300e-02
1.646069854600e+02  2.484068660500e-01
5.839191872200e+01  4.633675397100e-01
2.164366320100e+01  3.535055815600e-01
S 3  1
9.901383762000e+01  2.189567995800e-02
3.055043981700e+01  9.565047029500e-02
5.453708766100e+00 -2.945427018600e-01
S 2  1
2.650336256300e+00  1.329438120000e+00
1.272668886700e+00  6.610939647300e-01
S 1  1
3.164500520300e-01  1.000000000000e+00
S 1  1
1.141746693800e-01  1.000000000000e+00
P 5  1
4.722721924800e+02  2.571062305200e-03
1.115888275600e+02  2.025029799900e-02
3.544593641800e+01  9.158071678700e-02
1.299077687500e+01  2.574945401400e-01
5.048622165800e+00  4.286289975800e-01
P 1  1
1.993404956600e+00  1.000000000000e+00
P 1  1
6.652728443000e-01  1.000000000000e+00
P 1  1
2.551683212800e-01  1.000000000000e+00
P 1  1
9.035776225100e-02  1.000000000000e+00
D 1  1
3.120000000000e+00  1.000000000000e+00
D 1  1
6.480000000000e-01  1.000000000000e+00
D 1  1
2.180000000000e-01  1.000000000000e+00
F 1  1
4.520000000000e-01  1.000000000000e+00
@END

@ATOMBASIS S
S 7  1
6.070092810400e+04  5.469594422500e-04
9.102610685400e+03  4.229722455700e-03
2.071416600900e+03  2.174782415900e-02
5.860247682100e+02  8.510005358900e-02
1.905539502100e+02  2.479912845900e-01
6.763038426000e+01  4.670364040600e-01
2.512730690500e+01  3.643458755000e-01
S 3  1
1.125746301000e+02  2.167004024000e-02
3.479555421700e+01  9.360230176000e-02
6.511555621500e+00 -2.606800142200e-01
S 2  1
3.239903226100e+00  1.284208943500e+00
1.547716088100e+00  6.603641658400e-01
S 1  1
4.054103011200e-01  1.000000000000e+00
S 1  1
1.455065105900e-01  1.000000000000e+00
P 5  1
5.643671602700e+02  2.479679631700e-03
1.334262437900e+02  1.967793025000e-02
4.246827118900e+01  8.998000825800e-02
1.561652758000e+01  2.570588057500e-01
6.109398846900e+00  4.351516729200e-01
P 1  1
2.440416019800e+00  1.000000000000e+00
P 1  1
8.388220129600e-01  1.000000000000e+00
P 1  1
3.128874690000e-01  1.000000000000e+00
P 1  1
1.077010900400e-01  1.000000000000e+00
D 1  1
3.756000000000e+00  1.000000000000e+00
D 1  1
8.120000000000e-01  1.000000000000e+00
D 1  1
2.730000000000e-01  1.000000000000e+00
F 1  1
5.570000000000e-01  1.000000000000e+00
@END

@ATOMBASIS CL
S 7  1
6.950799094500e+04  5.431489749700e-04
1.042615688000e+04  4.199046396100e-03
2.373233406100e+03  2.159214167900e-02
6.715642007100e+02  8.459885009400e-02
2.184199979000e+02  2.475724972400e-01
7.757224971400e+01  4.701693022800e-01
2.888881527700e+01  3.743637071600e-01
S 3  1
1.271052718500e+02  2.518216660300e-02
3.933958296100e+01  1.078611245600e-01
7.674067998900e+00 -2.740882157400e-01
S 2  1
3.874562763000e+00  1.321387501400e+00
1.838583257300e+00  6.863695536800e-01
S 1  1
5.022905754200e-01  1.000000000000e+00
S 1  1
1.796272342000e-01  1.000000000000e+00
P 5  1
6.665042328400e+02  2.363266383600e-03
1.576424169000e+02  1.887930037400e-02
5.026252097800e+01  8.720634127300e-02
1.853607810500e+01  2.528561297000e-01
7.294053277700e+00  4.350715482000e-01
P 1  1
2.943324899500e+00  1.000000000000e+00
P 1  1
1.040497081800e+00  1.000000000000e+00
P 1  1
3.845641508000e-01  1.000000000000e+00
P 1  1
1.306964273200e-01  1.000000000000e+00
D 1  1
4.610000000000e+00  1.000000000000e+00
D 1  1
1.011000000000e+00  1.000000000000e+00
D 1  1
3.390000000000e-01  1.000000000000e+00
F 1  1
7.060000000000e-01  1.000000000000e+00
@END

@ATOMBASIS AR
S 7  1
7.911142299800e+04  5.102932500200e-04
1.186474600900e+04  3.946303698100e-03
2.700164297300e+03  2.030707391000e-02
7.639594348500e+02  7.969182521400e-02
2.484515056100e+02  2.342062383600e-01
8.828358100000e+01  4.483384948100e-01
3.294860706900e+01  3.640816740000e-01
S 3  1
1.425535800000e+02  2.638740700100e-02
4.416368800900e+01  1.122643399900e-01
8.952499500000e+00 -2.617892200100e-01
S 2  1
4.554692094100e+00  1.300248499800e+00
2.144407900100e+00  6.719723700900e-01
S 1  1
6.070877700400e-01  1.000000000000e+00
S 1  1
2.165143199900e-01  1.000000000000e+00
P 5  1
7.767754199800e+02  2.202800500300e-03
1.838010701800e+02  1.769418000800e-02
5.869400317500e+01  8.243129371700e-02
2.170159169500e+01  2.420727886300e-01
8.582148963500e+00  4.226355825100e-01
P 1  1
3.492267916100e+00  1.000000000000e+00
P 1  1
1.263742699800e+00  1.000000000000e+00
P 1  1
4.660787000500e-01  1.000000000000e+00
P 1  1
1.576600300000e-01  1.000000000000e+00
D 1  1
5.551000000000e+00  1.000000000000e+00
D 1  1
1.235000000000e+00  1.000000000000e+00
D 1  1
4.120000000000e-01  1.000000000000e+00
F 1  1
8.900000000000e-01  1.000000000000e+00
@END

@ATOMBASIS K
S 8  1
1.539761832500e+05  2.366263610700e-04
2.308249767200e+04  1.834292913700e-03
5.253234474500e+03  9.531052776900e-03
1.486955013300e+03  3.863840698000e-02
4.840633372600e+02  1.248076850200e-01
1.735665398000e+02  2.927886100900e-01
6.711638146400e+01  4.063342586000e-01
2.633950205400e+01  2.007721586000e-01
S 4  1
1.728769356700e+02 -2.420096093600e-02
5.305864906300e+01 -1.155309504000e-01
7.921275396400e+00  5.745554517500e-01
3.210888047200e+00  5.702318510700e-01
S 2  1
4.566207089500e+00 -2.261576346600e-01
7.020990728200e-01  7.552839204500e-01
S 1  1
2.825894263500e-01  1.000000000000e+00
S 1  1
3.580582461700e-02  1.000000000000e+00
S 1  1
1.581921324500e-02  1.000000000000e+00
P 6  1
7.281844987300e+02  2.615068979200e-03
1.721326506100e+02  2.067363083500e-02
5.482984707500e+01  9.320560387000e-02
2.016626649400e+01  2.543651821000e-01
7.861072880600e+00  3.913113281000e-01
3.110521313200e+00  2.248134594300e-01
P 3  1
1.175733749200e+01 -2.577728921700e-02
1.513961741100e+00  5.735942860400e-01
5.832859179500e-01  1.079832000200e+00
P 1  1
2.157047807600e-01  1.000000000000e+00
P 1  1
4.173700000000e-02  1.000000000000e+00
D 1  1
9.300000000000e-01  1.000000000000e+00
D 1  1
1.800000000000e-01  1.000000000000e+00
D 1  1
5.400000000000e-02  1.000000000000e+00
@END

@ATOMBASIS CA
S 8  1
1.725173268500e+05  2.331750254600e-04
2.586151927500e+04  1.807652198000e-03
5.885661866800e+03  9.394384425500e-03
1.665973003100e+03  3.810840900900e-02
5.423671814800e+02  1.233120385300e-01
1.945780349200e+02  2.900447095400e-01
7.530359763600e+01  4.058715115700e-01
2.957406258900e+01  2.039841074300e-01
S 4  1
1.912007466000e+02 -2.441975975900e-02
5.884029988300e+01 -1.154702744800e-01
8.964254084500e+00  5.635663671700e-01
3.685696054100e+00  5.670968270400e-01
S 2  1
5.246428972600e+00 -2.282533432500e-01
8.486262152800e-01  7.262521917200e-01
S 1  1
3.674330053800e-01  1.000000000000e+00
S 1  1
6.682158261300e-02  1.000000000000e+00
S 1  1
2.675973044500e-02  1.000000000000e+00
P 6  1
8.369726205800e+02  2.525834609200e-03
1.979304014200e+02  2.007650668600e-02
6.313555805400e+01  9.130298736600e-02
2.328268717000e+01  2.524702991500e-01
9.117644493200e+00  3.942632634400e-01
3.633612013900e+00  2.301155949200e-01
P 3  1
1.349416312000e+01 -2.649502195100e-02
1.813925979000e+00  5.508810821000e-01
7.198182600600e-01  1.028061662000e+00
P 1  1
2.762957699200e-01  1.000000000000e+00
P 1  1
7.497900000000e-02  1.000000000000e+00
P 1  1
2.692700000000e-02  1.000000000000e+00
D 2  1
5.497909387900e+00  7.377001143300e-02
1.317712803200e+00  2.605285316900e-01
D 1  1
3.218868264900e-01  1.000000000000e+00
D 1  1
7.052861491900e-02  1.000000000000e+00
@END

@ATOMBASIS SC
S 8  1
1.916129187400e+05  2.307647594200e-04
2.872385036300e+04  1.789032994600e-03
6.537011649000e+03  9.299040114000e-03
1.850309717100e+03  3.773943801100e-02
6.023885515600e+02  1.222714835900e-01
2.161732476600e+02  2.881482147000e-01
8.371251788000e+01  4.051754309900e-01
3.290870718900e+01  2.056601962300e-01
S 4  1
2.113439323400e+02 -2.452799146200e-02
6.512892013900e+01 -1.157015814200e-01
1.003431153500e+01  5.599528331700e-01
4.159688459700e+00  5.608776507300e-01
S 2  1
6.000904161300e+00 -2.284049432500e-01
9.825578415000e-01  7.194897037800e-01
S 1  1
4.248319277300e-01  1.000000000000e+00
S 1  1
7.718546209600e-02  1.000000000000e+00
S 1  1
3.014721970200e-02  1.000000000000e+00
P 6  1
9.473412282300e+02  2.473720874400e-03
2.240969973200e+02  1.974296706000e-02
7.156033488200e+01  9.035714754900e-02
2.644482449000e+01  2.520160250300e-01
1.039379828500e+01  3.967553592900e-01
4.160630455900e+00  2.320862451700e-01
P 3  1
1.556573713500e+01 -2.712942397400e-02
2.112154486500e+00  5.510925662900e-01
8.418470902100e-01  1.009063580600e+00
P 1  1
3.229754265200e-01  1.000000000000e+00
P 1  1
1.239000000000e-01  1.000000000000e+00
P 1  1
4.753000000000e-02  1.000000000000e+00
D 4  1
3.098939099300e+01  1.190283743100e-02
8.690546506900e+00  6.765585685000e-02
2.952025633700e+00  2.133253972200e-01
1.076191074500e+00  3.839107557800e-01
D 1  1
3.833891509500e-01  1.000000000000e+00
D 1  1
1.253468611300e-01  1.000000000000e+00
D 1  1
4.100000000000e-02  1.000000000000e+00
F 1  1
4.420000000000e-01  1.000000000000e+00
F 1  1
1.100000000000e-01  1.000000000000e+00
G 1  1
2.470000000000e-01  1.000000000000e+00
@END

@ATOMBASIS TI
S 8  1
2.115756902500e+05  2.331815101100e-04
3.171494505800e+04  1.807969085100e-03
7.217547654300e+03  9.398431135200e-03
2.042939424700e+03  3.815685361800e-02
6.651289620800e+02  1.237475719700e-01
2.387494226400e+02  2.920855114300e-01
9.250869100100e+01  4.122680085500e-01
3.640391920900e+01  2.109053406100e-01
S 4  1
2.327262460700e+02 -2.492014073800e-02
7.179120971100e+01 -1.174649008700e-01
1.115853461500e+01  5.650334231800e-01
4.654813541600e+00  5.621110181200e-01
S 2  1
6.803462917400e+00 -2.301142550300e-01
1.120107640300e+00  7.210318673500e-01
S 1  1
4.808011883900e-01  1.000000000000e+00
S 1  1
8.515727497700e-02  1.000000000000e+00
S 1  1
3.265747704600e-02  1.000000000000e+00
P 6  1
1.063147473200e+03  2.469083932000e-03
2.515650706100e+02  1.977334552300e-02
8.040855485400e+01  9.098797667200e-02
2.976819326900e+01  2.555990041300e-01
1.173683055600e+01  4.048938676400e-01
4.714237523000e+00  2.369340255800e-01
P 3  1
1.779680370400e+01 -2.787863961500e-02
2.427269868000e+00  5.567291466800e-01
9.682344553700e-01  1.005544735000e+00
P 1  1
3.705669416500e-01  1.000000000000e+00
P 1  1
1.418000000000e-01  1.000000000000e+00
P 1  1
5.427000000000e-02  1.000000000000e+00
D 4  1
3.771338472300e+01  1.151383509200e-02
1.069293118400e+01  6.724634399600e-02
3.672844699000e+00  2.148420777500e-01
1.358859030300e+00  3.889089277900e-01
D 1  1
4.921329525300e-01  1.000000000000e+00
D 1  1
1.633052065300e-01  1.000000000000e+00
D 1  1
5.400000000000e-02  1.000000000000e+00
F 1  1
2.539000000000e-01  1.000000000000e+00
F 1  1
1.075000000000e+00  1.000000000000e+00
G 1  1
6.340000000000e-01  1.000000000000e+00
@END

@ATOMBASIS V
S 8  1
2.323406505800e+05  2.307241009200e-04
3.482884117000e+04  1.788817896200e-03
7.926544869100e+03  9.299249013100e-03
2.243773304600e+03  3.776146334700e-02
7.305932294400e+02  1.225590966200e-01
2.623221963100e+02  2.896350881100e-01
1.017040380500e+02  4.100470295500e-01
4.006478461700e+01  2.111361085800e-01
S 4  1
2.552401496800e+02 -2.445811633800e-02
7.880464696100e+01 -1.152720536600e-01
1.234059894600e+01  5.517474945300e-01
5.174201921900e+00  5.450452848900e-01
S 2  1
7.651389446900e+00 -2.296763828600e-01
1.263975989800e+00  7.168376907700e-01
S 1  1
5.386176172100e-01  1.000000000000e+00
S 1  1
9.271929612400e-02  1.000000000000e+00
S 1  1
3.499805517600e-02  1.000000000000e+00
P 6  1
1.184236915100e+03  2.444982672900e-03
2.802307519200e+02  1.964345446600e-02
8.964362713700e+01  9.079694919000e-02
3.324241125300e+01  2.565076822200e-01
1.314451445200e+01  4.081539375000e-01
5.294853414000e+00  2.386037826800e-01
P 3  1
2.017558685100e+01 -2.824148902300e-02
2.760586519700e+00  5.557463561900e-01
1.100890090200e+00  9.931991927000e-01
P 1  1
4.201331073900e-01  1.000000000000e+00
P 1  1
1.603000000000e-01  1.000000000000e+00
P 1  1
6.119000000000e-02  1.000000000000e+00
D 4  1
4.386113486400e+01  1.148717423800e-02
1.251602189100e+01  6.824715397700e-02
4.331385495700e+00  2.183778419500e-01
1.613885577300e+00  3.924521229600e-01
D 1  1
5.874957396100e-01  1.000000000000e+00
D 1  1
1.951572301100e-01  1.000000000000e+00
D 1  1
6.500000000000e-02  1.000000000000e+00
F 1  1
1.708000000000e+00  1.000000000000e+00
F 1  1
3.980000000000e-01  1.000000000000e+00
G 1  1
1.009000000000e+00  1.000000000000e+00
@END

@ATOMBASIS CR
S 8  1
2.544778070400e+05  2.338694569300e-04
3.813179705400e+04  1.814260180000e-03
8.675293060700e+03  9.436392572100e-03
2.455009984800e+03  3.834363936700e-02
7.991621778700e+02  1.245919483700e-01
2.869002148900e+02  2.948969602900e-01
1.112541323200e+02  4.184614960700e-01
4.386415263600e+01  2.163376342000e-01
S 4  1
2.793266917300e+02 -2.345090811100e-02
8.627473237600e+01 -1.108037002700e-01
1.355575611300e+01  5.302896584200e-01
5.697811275100e+00  5.160351694700e-01
S 2  1
8.563658261500e+00 -3.810954567500e-01
1.398829676800e+00  1.199159143600e+00
S 1  1
5.728817111600e-01  1.000000000000e+00
S 1  1
9.009617131700e-02  1.000000000000e+00
S 1  1
3.412588513500e-02  1.000000000000e+00
P 6  1
1.306439886400e+03  2.427732618500e-03
3.092531144100e+02  1.954404101700e-02
9.899627396300e+01  9.065179455300e-02
3.675691645100e+01  2.569927915400e-01
1.456665707700e+01  4.093550489100e-01
5.873993743200e+00  2.372938884900e-01
P 3  1
2.289099969500e+01 -2.816602661300e-02
3.085500182200e+00  5.603412014800e-01
1.213232911800e+00  9.811901965000e-01
P 1  1
4.493168069900e-01  1.000000000000e+00
P 1  1
1.664000000000e-01  1.000000000000e+00
P 1  1
6.163000000000e-02  1.000000000000e+00
D 4  1
4.372007447600e+01  1.362296402600e-02
1.239124265200e+01  7.893518013300e-02
4.263944200600e+00  2.383384000000e-01
1.552522179000e+00  3.952685112200e-01
D 1  1
5.376192948500e-01  1.000000000000e+00
D 1  1
1.649317307400e-01  1.000000000000e+00
D 1  1
5.100000000000e-02  1.000000000000e+00
F 1  1
2.341000000000e+00  1.000000000000e+00
F 1  1
5.420000000000e-01  1.000000000000e+00
G 1  1
1.382000000000e+00  1.000000000000e+00
@END

@ATOMBASIS MN
S 8  1
2.771850015300e+05  2.283838513300e-04
4.155076989000e+04  1.770765037500e-03
9.455970015200e+03  9.207720999400e-03
2.676520648200e+03  3.741597182500e-02
8.714668753000e+02  1.216486142600e-01
3.129830642000e+02  2.882439249900e-01
1.214445405100e+02  4.104160084700e-01
4.792259882900e+01  2.137237514500e-01
S 4  1
3.036672316300e+02 -2.458992614000e-02
9.388140318700e+01 -1.160260803800e-01
1.487942121400e+01  5.511205967700e-01
6.286520074500e+00  5.370756075600e-01
S 2  1
9.485859133700e+00 -2.288926269500e-01
1.569870615800e+00  7.119616958700e-01
S 1  1
6.590321360800e-01  1.000000000000e+00
S 1  1
1.068629237100e-01  1.000000000000e+00
S 1  1
3.926743543300e-02  1.000000000000e+00
P 6  1
1.444797818200e+03  2.399413645500e-03
3.420655119700e+02  1.936928686400e-02
1.095840089100e+02  9.023610898800e-02
4.074798817300e+01  2.574546785100e-01
1.618862656600e+01  4.127235195800e-01
6.548450596400e+00  2.408770000700e-01
P 3  1
2.535708643700e+01 -2.870717405800e-02
3.483016878200e+00  5.520810071200e-01
1.385880090600e+00  9.722690137900e-01
P 1  1
5.255509489300e-01  1.000000000000e+00
P 1  1
1.993000000000e-01  1.000000000000e+00
P 1  1
7.557000000000e-02  1.000000000000e+00
D 4  1
5.656318911900e+01  1.154324529453e-02
1.627873471100e+01  7.029984598720e-02
5.696427391400e+00  2.245077082129e-01
2.141114794200e+00  3.970306543423e-01
D 1  1
7.829180193800e-01  1.000000000000e+00
D 1  1
2.595231121400e-01  1.000000000000e+00
D 1  1
8.600000000000e-02  1.000000000000e+00
F 1  1
2.975000000000e+00  1.000000000000e+00
F 1  1
7.200000000000e-01  1.000000000000e+00
G 1  1
1.755000000000e+00  1.000000000000e+00
@END

@ATOMBASIS FE
S 8  1
3.007848463700e+05  2.280627309600e-04
4.508897055700e+04  1.768178876100e-03
1.026251631700e+04  9.192708349000e-03
2.905289729300e+03  3.735549580700e-02
9.461148713700e+02  1.215110842600e-01
3.398783289400e+02  2.881888146800e-01
1.319442558800e+02  4.112661267700e-01
5.211149407700e+01  2.151858357300e-01
S 4  1
3.294883926700e+02 -2.474521647700e-02
1.019233273900e+02 -1.168308905000e-01
1.624046274500e+01  5.529362113600e-01
6.884067580100e+00  5.360164018200e-01
S 2  1
1.047069378200e+01 -2.291270857700e-01
1.736003964800e+00  7.115931998400e-01
S 1  1
7.257728897900e-01  1.000000000000e+00
S 1  1
1.159552820300e-01  1.000000000000e+00
S 1  1
4.196822774600e-02  1.000000000000e+00
P 6  1
1.585395997000e+03  2.379396017900e-03
3.753800649900e+02  1.925315475500e-02
1.203181650100e+02  9.002183653600e-02
4.478874903100e+01  2.579817235600e-01
1.782927858400e+01  4.149264974400e-01
7.224715378600e+00  2.420747478400e-01
P 3  1
2.814321975600e+01 -2.904175515200e-02
3.874324141200e+00  5.531226034300e-01
1.541075228100e+00  9.677113684200e-01
P 1  1
5.828561525000e-01  1.000000000000e+00
P 1  1
2.204000000000e-01  1.000000000000e+00
P 1  1
8.338000000000e-02  1.000000000000e+00
D 4  1
6.199667503400e+01  1.197197225500e-02
1.787373255200e+01  7.321013541000e-02
6.274478293400e+00  2.310309431400e-01
2.355233717500e+00  3.991070649400e-01
D 1  1
8.543223990100e-01  1.000000000000e+00
D 1  1
2.786925441300e-01  1.000000000000e+00
D 1  1
9.100000000000e-02  1.000000000000e+00
F 1  1
3.465000000000e+00  1.000000000000e+00
F 1  1
8.430000000000e-01  1.000000000000e+00
G 1  1
2.128000000000e+00  1.000000000000e+00
@END

@ATOMBASIS CO
S 8  1
3.258170155300e+05  2.256846248400e-04
4.883963645300e+04  1.749939753300e-03
1.111493730700e+04  9.100313409700e-03
3.146160364200e+03  3.699625683700e-02
1.024437846500e+03  1.204426962100e-01
3.680250881600e+02  2.859873164900e-01
1.429122920500e+02  4.090831200400e-01
5.648264920900e+01  2.150014573900e-01
S 4  1
3.564029831800e+02 -2.476705967800e-02
1.103116521500e+02 -1.170213913400e-01
1.765963483400e+01  5.521552220000e-01
7.505903047900e+00  5.324687706000e-01
S 2  1
1.150180717600e+01 -2.294247007700e-01
1.908199460600e+00  7.118093351400e-01
S 1  1
7.939669689100e-01  1.000000000000e+00
S 1  1
1.244444882900e-01  1.000000000000e+00
S 1  1
4.444464537900e-02  1.000000000000e+00
P 6  1
1.731136914400e+03  2.390576768500e-03
4.099175043800e+02  1.938299996700e-02
1.314564857800e+02  9.090544850900e-02
4.898743971400e+01  2.614668157700e-01
1.953707899200e+01  4.215726457000e-01
7.928728163400e+00  2.457181355700e-01
P 3  1
3.107601758400e+01 -2.943806997300e-02
4.283518069700e+00  5.561556816800e-01
1.702292156300e+00  9.677219506400e-01
P 1  1
6.420290860200e-01  1.000000000000e+00
P 1  1
2.421000000000e-01  1.000000000000e+00
P 1  1
9.132000000000e-02  1.000000000000e+00
D 4  1
6.814074523900e+01  1.198384536000e-02
1.968524101900e+01  7.368854047500e-02
6.932212882500e+00  2.308549677900e-01
2.602512569400e+00  3.928105922500e-01
D 1  1
9.401683730200e-01  1.000000000000e+00
D 1  1
3.038145779400e-01  1.000000000000e+00
D 1  1
9.800000000000e-02  1.000000000000e+00
F 1  1
3.955000000000e+00  1.000000000000e+00
F 1  1
9.650000000000e-01  1.000000000000e+00
G 1  1
2.500000000000e+00  1.000000000000e+00
@END

@ATOMBASIS NI
S 8  1
3.515357293500e+05  2.252938688400e-04
5.269580928300e+04  1.746861622300e-03
1.199246829300e+04  9.084999213600e-03
3.394577668900e+03  3.694074844700e-02
1.105359458500e+03  1.203281995000e-01
3.971467776900e+02  2.859671505700e-01
1.542754297400e+02  4.098302019600e-01
6.101872378000e+01  2.162064285100e-01
S 4  1
3.844555973900e+02 -2.465127926800e-02
1.190487919900e+02 -1.165850527700e-01
1.913701222300e+01  5.486412667600e-01
8.152671856200e+00  5.264005112200e-01
S 2  1
1.257940864200e+01 -2.279788429300e-01
2.087086608100e+00  7.070373821500e-01
S 1  1
8.643256855500e-01  1.000000000000e+00
S 1  1
1.328316921700e-01  1.000000000000e+00
S 1  1
4.684532772600e-02  1.000000000000e+00
P 6  1
1.883090748600e+03  2.374825844300e-03
4.459515532000e+02  1.928945717200e-02
1.430843081500e+02  9.071821150700e-02
5.337292072200e+01  2.618141411700e-01
2.132191935700e+01  4.230914983200e-01
8.664356199400e+00  2.464168601500e-01
P 3  1
3.414425521100e+01 -2.967712916300e-02
4.712245592100e+00  5.561682409600e-01
1.870923184500e+00  9.635776646000e-01
P 1  1
7.037001626700e-01  1.000000000000e+00
P 1  1
2.646000000000e-01  1.000000000000e+00
P 1  1
9.955000000000e-02  1.000000000000e+00
D 4  1
7.459160346500e+01  1.207745467200e-02
2.159063275200e+01  7.463726215400e-02
7.624614258000e+00  2.323677550200e-01
2.863220676200e+00  3.904265168000e-01
D 1  1
1.031106338800e+00  1.000000000000e+00
D 1  1
3.306076069100e-01  1.000000000000e+00
D 1  1
1.060000000000e-01  1.000000000000e+00
F 1  1
4.446000000000e+00  1.000000000000e+00
F 1  1
1.087000000000e+00  1.000000000000e+00
G 1  1
2.872000000000e+00  1.000000000000e+00
@END

@ATOMBASIS CU
S 8  1
3.775187992300e+05  2.281176612800e-04
5.658998431100e+04  1.768803593100e-03
1.287871170600e+04  9.199346022700e-03
3.645375214300e+03  3.741101643400e-02
1.187007294500e+03  1.218987373700e-01
4.264642190200e+02  2.898390071400e-01
1.657066016400e+02  4.153187217400e-01
6.559894270700e+01  2.190579928700e-01
S 4  1
4.144126581100e+02 -2.468252505300e-02
1.283205603900e+02 -1.171682740600e-01
2.062208975000e+01  5.530131594100e-01
8.782122604500e+00  5.224271860900e-01
S 2  1
1.374137200600e+01 -2.273606182100e-01
2.243124683300e+00  7.176121087300e-01
S 1  1
8.937054907900e-01  1.000000000000e+00
S 1  1
1.083669953400e-01  1.000000000000e+00
S 1  1
3.880617805800e-02  1.000000000000e+00
P 6  1
2.034759669200e+03  2.352482229800e-03
4.819046810600e+02  1.913407075100e-02
1.546748296300e+02  9.017110527800e-02
5.774057696900e+01  2.606328473500e-01
2.309905281100e+01  4.209348577000e-01
9.388247859100e+00  2.434461512100e-01
P 3  1
3.759617121000e+01 -2.899109453000e-02
5.124069081000e+00  5.491908383100e-01
2.011999608500e+00  9.379333048800e-01
P 1  1
7.386068600200e-01  1.000000000000e+00
P 1  1
2.711000000000e-01  1.000000000000e+00
P 1  1
9.954000000000e-02  1.000000000000e+00
D 4  1
7.412946063700e+01  1.436321667600e-02
2.135984258700e+01  8.662817709600e-02
7.499524053700e+00  2.563143054100e-01
2.760139416900e+00  4.037406236800e-01
D 1  1
9.536206123600e-01  1.000000000000e+00
D 1  1
2.842086252000e-01  1.000000000000e+00
D 1  1
8.500000000000e-02  1.000000000000e+00
F 1  1
1.209000000000e+00  1.000000000000e+00
F 1  1
4.936000000000e+00  1.000000000000e+00
G 1  1
3.245000000000e+00  1.000000000000e+00
@END

@ATOMBASIS ZN
S 8  1
4.059243102800e+05  2.244201748300e-04
6.084695573500e+04  1.740208662600e-03
1.384734309200e+04  9.051333956500e-03
3.919615855100e+03  3.681734144500e-02
1.276359416700e+03  1.200485025600e-01
4.586725443500e+02  2.857605762100e-01
1.782872524600e+02  4.108746206200e-01
7.061219283700e+01  2.181696245600e-01
S 4  1
4.438807795000e+02 -2.493427498400e-02
1.375587526700e+02 -1.181795576600e-01
2.226808347900e+01  5.536731846800e-01
9.521731060600e+00  5.262893493600e-01
S 2  1
1.487411406500e+01 -2.292995525400e-01
2.464751761200e+00  7.113548474200e-01
S 1  1
1.011327223800e+00  1.000000000000e+00
S 1  1
1.491985208900e-01  1.000000000000e+00
S 1  1
5.144187298100e-02  1.000000000000e+00
P 6  1
2.205350853400e+03  2.335624044800e-03
5.223530069900e+02  1.903102263400e-02
1.677305554200e+02  8.995575867500e-02
6.267004537300e+01  2.611324863100e-01
2.510974945600e+01  4.234844817300e-01
1.022514268100e+01  2.461892688500e-01
P 3  1
4.071344252100e+01 -3.002966759200e-02
5.624709069600e+00  5.557525486400e-01
2.227994911600e+00  9.558101344200e-01
P 1  1
8.335474169100e-01  1.000000000000e+00
P 1  1
1.624550000000e-01  1.000000000000e+00
P 1  1
4.776900000000e-02  1.000000000000e+00
D 4  1
8.855431531100e+01  1.272817001500e-02
2.572152555700e+01  7.939449984300e-02
9.127836762400e+00  2.449150680500e-01
3.431236406400e+00  4.039052647900e-01
D 1  1
1.230892064500e+00  1.000000000000e+00
D 1  1
3.903184511200e-01  1.000000000000e+00
D 1  1
1.240000000000e-01  1.000000000000e+00
F 1  1
1.433000000000e+00  1.000000000000e+00
F 1  1
5.694000000000e+00  1.000000000000e+00
G 1  1
3.617000000000e+00  1.000000000000e+00
@END

@ATOMBASIS GA
S 8  1
4.355486625400e+05  2.364632965000e-04
6.528958903100e+04  1.833527177600e-03
1.485878425600e+04  9.537186308100e-03
4.205973472900e+03  3.880341246800e-02
1.369641643100e+03  1.266160484800e-01
4.923034890500e+02  3.017531029200e-01
1.914192323300e+02  4.354393421800e-01
7.584055866500e+01  2.328236378000e-01
S 4  1
4.743081061300e+02 -2.674370795800e-02
1.471029756000e+02 -1.265465754200e-01
2.398259943500e+01  5.884034683900e-01
1.029823009400e+01  5.632427158900e-01
S 2  1
1.605038143000e+01 -2.451643950800e-01
2.698846878400e+00  7.457804959300e-01
S 1  1
1.142858873600e+00  1.000000000000e+00
S 1  1
2.021765225100e-01  1.000000000000e+00
S 1  1
7.198015203200e-02  1.000000000000e+00
P 6  1
2.432017107000e+03  2.243406592800e-03
5.761204958200e+02  1.834226533600e-02
1.851158435400e+02  8.727969716700e-02
6.924657255600e+01  2.568486835100e-01
2.781810777700e+01  4.239837810700e-01
1.142022993800e+01  2.570134004300e-01
P 3  1
4.281966153000e+01 -1.932651911900e-02
6.388590100000e+00  3.157138691700e-01
2.669899332600e+00  5.761779282200e-01
P 1  1
1.078178383400e+00  1.000000000000e+00
P 1  1
2.279655937100e-01  1.000000000000e+00
P 1  1
6.283623483300e-02  1.000000000000e+00
D 5  1
1.039233182900e+02  1.146461365200e-02
3.037109438900e+01  7.362574738300e-02
1.087207809700e+01  2.350510738200e-01
4.154913795400e+00  4.031856351300e-01
1.534565914500e+00  4.082474815200e-01
D 1  1
5.111426383000e-01  1.000000000000e+00
D 1  1
3.062200000000e-01  1.000000000000e+00
D 1  1
1.139130900000e-01  1.000000000000e+00
F 1  1
3.099609500000e-01  1.000000000000e+00
@END

@ATOMBASIS GE
S 8  1
4.661150059200e+05  2.248726466000e-04
6.987542076200e+04  1.743542672900e-03
1.590327671600e+04  9.069148220600e-03
4.501823345300e+03  3.690617468500e-02
1.466057092400e+03  1.205016790700e-01
5.270784172800e+02  2.874864170300e-01
2.050039507400e+02  4.162232188500e-01
8.125159606500e+01  2.239784569500e-01
S 4  1
5.057466128200e+02 -2.518460929100e-02
1.569659374400e+02 -1.189892972100e-01
2.576144817600e+01  5.493013587000e-01
1.110665468700e+01  5.293930912900e-01
S 2  1
1.727205910400e+01 -2.285459572800e-01
2.943828904800e+00  6.837793031700e-01
S 1  1
1.283916491600e+00  1.000000000000e+00
S 1  1
2.587333744500e-01  1.000000000000e+00
S 1  1
9.352491317700e-02  1.000000000000e+00
P 6  1
2.633934624100e+03  2.214392531000e-03
6.240016162800e+02  1.814089914100e-02
2.005852840400e+02  8.663218492200e-02
7.509708152500e+01  2.564902059200e-01
3.021438847400e+01  4.265861126200e-01
1.244008756700e+01  2.620052731300e-01
P 3  1
4.598131600200e+01 -2.032176767800e-02
6.994565441600e+00  3.201374452700e-01
2.968600132700e+00  5.905101455500e-01
P 1  1
1.232098849500e+00  1.000000000000e+00
P 1  1
2.898161497400e-01  1.000000000000e+00
P 1  1
8.556460644700e-02  1.000000000000e+00
D 5  1
1.194488758100e+02  1.058654452100e-02
3.506291529300e+01  6.960128094500e-02
1.263692452900e+01  2.280703528700e-01
4.888867292200e+00  4.030106722000e-01
1.845319539200e+00  4.130484701500e-01
D 1  1
6.357115889200e-01  1.000000000000e+00
D 1  1
3.549213200000e-01  1.000000000000e+00
D 1  1
1.315570900000e-01  1.000000000000e+00
F 1  1
3.621064500000e-01  1.000000000000e+00
@END

@ATOMBASIS AS
S 8  1
4.980324215800e+05  2.274019690000e-04
7.465686874300e+04  1.763281641300e-03
1.699096000400e+04  9.172804038100e-03
4.809620032100e+03  3.733782934400e-02
1.566288705500e+03  1.219953611700e-01
5.632136049900e+02  2.913747532400e-01
2.191117997800e+02  4.232635147900e-01
8.686606103000e+01  2.292146427800e-01
S 4  1
5.381951247900e+02 -2.525419729700e-02
1.671485022400e+02 -1.191546111500e-01
2.760551715900e+01  5.462849598000e-01
1.194785852100e+01  5.300152097600e-01
S 2  1
1.853802313300e+01 -2.347918813600e-01
3.201898573900e+00  6.916705342800e-01
S 1  1
1.435652207700e+00  1.000000000000e+00
S 1  1
3.183780520000e-01  1.000000000000e+00
S 1  1
1.162263218600e-01  1.000000000000e+00
P 6  1
2.678942154600e+03  2.331895528700e-03
6.346176584000e+02  1.904214997700e-02
2.039396760600e+02  9.022974491300e-02
7.632389036900e+01  2.616903769300e-01
3.066412494300e+01  4.185716815500e-01
1.250505673200e+01  2.344783019000e-01
P 4  1
4.925622954900e+01 -2.123553987000e-02
7.727489146600e+00  3.047020666800e-01
3.541049347600e+00  5.288837310700e-01
1.698558550100e+00  3.727225095500e-01
P 1  1
7.684807104400e-01  1.000000000000e+00
P 1  1
3.005082326000e-01  1.000000000000e+00
P 1  1
9.819063943700e-02  1.000000000000e+00
D 5  1
1.353328930500e+02  9.929114410600e-03
3.986021274400e+01  6.656884349600e-02
1.444642835900e+01  2.227576830700e-01
5.643290035600e+00  4.030922438200e-01
2.166818862300e+00  4.167166794600e-01
D 1  1
7.651497056900e-01  1.000000000000e+00
D 1  1
4.243465300000e-01  1.000000000000e+00
D 1  1
1.633152700000e-01  1.000000000000e+00
F 1  1
4.327194100000e-01  1.000000000000e+00
@END

@ATOMBASIS SE
S 8  1
5.310716669600e+05  2.410897316800e-04
7.960304411700e+04  1.869643144100e-03
1.811584424000e+04  9.727161653600e-03
5.127892319400e+03  3.960479303100e-02
1.669913083900e+03  1.294885513600e-01
6.005753452700e+02  3.095943728900e-01
2.337002124700e+02  4.511576921600e-01
9.267244393200e+01  2.457918903300e-01
S 4  1
5.715751367500e+02 -2.689570788100e-02
1.776368637500e+02 -1.267098935300e-01
2.951776705200e+01  5.769900171900e-01
1.282439979500e+01  5.636907540800e-01
S 2  1
1.984823584100e+01 -2.513241553400e-01
3.474401848600e+00  7.290541698000e-01
S 1  1
1.598891084900e+00  1.000000000000e+00
S 1  1
3.833346938700e-01  1.000000000000e+00
S 1  1
1.404974245900e-01  1.000000000000e+00
P 6  1
2.815350056600e+03  2.556902685400e-03
6.669255829800e+02  2.087402690100e-02
2.143421318800e+02  9.877209625000e-02
8.024668794200e+01  2.847182122100e-01
3.225108128800e+01  4.500358493400e-01
1.310643256200e+01  2.441609105500e-01
P 4  1
5.336610851600e+01 -2.155845627300e-02
8.182777719500e+00  3.266231063800e-01
3.623994567200e+00  5.774049931900e-01
1.634159140100e+00  3.430132082600e-01
P 1  1
5.841832022800e-01  1.000000000000e+00
P 1  1
2.396626927900e-01  1.000000000000e+00
P 1  1
8.878513480300e-02  1.000000000000e+00
D 5  1
1.518291027900e+02  9.397027698800e-03
4.483999252300e+01  6.408650399100e-02
1.632899951000e+01  2.183423800400e-01
6.430505761200e+00  4.031478964900e-01
2.504802516900e+00  4.196649149000e-01
D 1  1
9.027114843400e-01  1.000000000000e+00
D 1  1
4.768361300000e-01  1.000000000000e+00
D 1  1
1.853516000000e-01  1.000000000000e+00
F 1  1
4.886690500000e-01  1.000000000000e+00
@END

@ATOMBASIS BR
S 8  1
5.650732525600e+05  2.366031469000e-04
8.470172317900e+04  1.834833250800e-03
1.927627190000e+04  9.546584986000e-03
5.456428457600e+03  3.887714215300e-02
1.776950350000e+03  1.271831423100e-01
6.391939827600e+02  3.043766219100e-01
2.487882396100e+02  4.449094049700e-01
9.867830549400e+01  2.438164305800e-01
S 4  1
6.060782456800e+02 -2.652715870900e-02
1.884559848400e+02 -1.248458480900e-01
3.149714450600e+01  5.646868355900e-01
1.373600832000e+01  5.555526856400e-01
S 2  1
2.120321276600e+01 -2.494092049300e-01
3.761642017800e+00  7.121311974300e-01
S 1  1
1.773593396200e+00  1.000000000000e+00
S 1  1
4.519741366400e-01  1.000000000000e+00
S 1  1
1.661337709900e-01  1.000000000000e+00
P 6  1
3.019695572300e+03  2.497104979800e-03
7.153548112600e+02  2.041926759600e-02
2.299832875100e+02  9.689714830900e-02
8.616784461500e+01  2.805390125200e-01
3.466787080200e+01  4.460639047300e-01
1.411387030700e+01  2.441007392300e-01
P 4  1
5.708565308200e+01 -2.185595071000e-02
8.819384584000e+00  3.270707532000e-01
3.934030287200e+00  5.785522952000e-01
1.799883038400e+00  3.357098769800e-01
P 1  1
6.689941051200e-01  1.000000000000e+00
P 1  1
2.713623823100e-01  1.000000000000e+00
P 1  1
1.008379024300e-01  1.000000000000e+00
D 5  1
1.688537025700e+02  8.966398198800e-03
4.997794991900e+01  6.206205931600e-02
1.827491333800e+01  2.147473238400e-01
7.245569463100e+00  4.033533674600e-01
2.856231502500e+00  4.220881308000e-01
D 1  1
1.045962114400e+00  1.000000000000e+00
D 1  1
5.686565500000e-01  1.000000000000e+00
D 1  1
2.203149000000e-01  1.000000000000e+00
F 1  1
5.708331200000e-01  1.000000000000e+00
@END

@ATOMBASIS KR
S 8  1
6.002509757500e+05  2.374061039900e-04
8.997665078100e+04  1.841024053900e-03
2.047681422500e+04  9.579558069900e-03
5.796155407800e+03  3.902065048800e-02
1.887591319600e+03  1.277264562800e-01
6.791145851900e+02  3.059652130000e-01
2.643824451100e+02  4.485747443700e-01
1.048836857400e+02  2.472295732700e-01
S 4  1
6.414737076400e+02 -2.674527980500e-02
1.995752482000e+02 -1.257112256700e-01
3.354546295400e+01  5.648373639000e-01
1.468395514400e+01  5.597276553900e-01
S 2  1
2.260310186000e+01 -2.529877180000e-01
4.065068299100e+00  7.099215996500e-01
S 1  1
1.961102706000e+00  1.000000000000e+00
S 1  1
5.246514797900e-01  1.000000000000e+00
S 1  1
1.933239951100e-01  1.000000000000e+00
P 6  1
3.232958961400e+03  2.488560797400e-03
7.659644269400e+02  2.037900742800e-02
2.463394081000e+02  9.697718858400e-02
9.236528304100e+01  2.819996095400e-01
3.719950955100e+01  4.511625435800e-01
1.517216653400e+01  2.491713149600e-01
P 4  1
6.093132169800e+01 -2.217360351900e-02
9.479260064600e+00  3.283846277800e-01
4.256468632600e+00  5.812499712000e-01
1.972931376200e+00  3.286354178300e-01
P 1  1
7.633710871600e-01  1.000000000000e+00
P 1  1
3.094362552600e-01  1.000000000000e+00
P 1  1
1.156970445800e-01  1.000000000000e+00
D 5  1
1.864176090400e+02  8.612028460100e-03
5.527412434500e+01  6.039440630400e-02
2.028321912000e+01  2.118133186900e-01
8.088453697600e+00  4.036629341300e-01
3.221403385300e+00  4.240286068600e-01
D 1  1
1.195217010200e+00  1.000000000000e+00
D 1  1
6.480000000000e-01  1.000000000000e+00
D 1  1
2.510000000000e-01  1.000000000000e+00
F 1  1
6.280000000000e-01  1.000000000000e+00
@END

@ATOMBASIS RB
S 2  1
7.474461804000e+00  2.699786636300e-01
6.729618059400e+00 -4.262925181400e-01
S 1  1
2.781664000400e+00  1.000000000000e+00
S 1  1
5.345217514800e-01  1.000000000000e+00
S 1  1
2.236879303400e-01  1.000000000000e+00
S 1  1
3.241040705200e-02  1.000000000000e+00
S 1  1
1.417104742400e-02  1.000000000000e+00
P 4  1
5.672064319400e+00  4.811422413500e-02
3.332018395600e+00 -1.848513142600e-01
8.015005491000e-01  4.281186495400e-01
3.630222022700e-01  5.867316541100e-01
P 1  1
1.573392439200e-01  1.000000000000e+00
P 1  1
4.000000000000e-02  1.000000000000e+00
P 1  1
1.600000000000e-02  1.000000000000e+00
D 1  1
2.590786695600e-01  1.000000000000e+00
D 1  1
4.250743804500e-02  1.000000000000e+00
D 1  1
1.190927684000e-02  1.000000000000e+00
F 1  1
8.524500000000e-01  1.000000000000e+00
@END

@ATOMBASIS SR
S 2  1
1.000000000000e+01 -1.853055026200e-01
8.500000000000e+00  3.397035537600e-01
S 1  1
3.005704885600e+00  1.000000000000e+00
S 1  1
6.116128765000e-01  1.000000000000e+00
S 1  1
2.739384121700e-01  1.000000000000e+00
S 1  1
5.743556456300e-02  1.000000000000e+00
S 1  1
2.333819866500e-02  1.000000000000e+00
P 4  1
7.588307786900e+00  3.373169028700e-02
3.673130739200e+00 -2.052318500500e-01
9.049661845500e-01  4.920997266500e-01
4.331025640800e-01  6.210529651200e-01
P 1  1
2.022216896400e-01  1.000000000000e+00
P 1  1
7.200000000000e-02  1.000000000000e+00
P 1  1
2.500000000000e-02  1.000000000000e+00
D 3  1
3.618081000000e+00 -7.501000000000e-03
9.966560000000e-01  1.080980000000e-01
3.907350000000e-01  2.785400000000e-01
D 1  1
1.227700000000e-01  1.000000000000e+00
D 1  1
3.665500000000e-02  1.000000000000e+00
F 1  1
9.954000000000e-01  1.000000000000e+00
@END

@ATOMBASIS Y
S 2  1
1.000000000000e+01 -1.748768679600e-01
8.500000000000e+00  3.415234508400e-01
S 1  1
3.365390545400e+00  1.000000000000e+00
S 1  1
6.886067938500e-01  1.000000000000e+00
S 1  1
3.119150293600e-01  1.000000000000e+00
S 1  1
7.032604256700e-02  1.000000000000e+00
S 1  1
2.773385932700e-02  1.000000000000e+00
P 4  1
8.055409361600e+00  3.641097893900e-02
4.016345875100e+00 -2.087257254700e-01
1.023291540400e+00  4.895692933500e-01
4.984356163600e-01  6.061194383300e-01
P 1  1
2.330766184200e-01  1.000000000000e+00
P 1  1
8.000000000000e-02  1.000000000000e+00
P 1  1
2.700000000000e-02  1.000000000000e+00
D 3  1
3.903083306000e+00 -9.820979262500e-03
1.136323430200e+00  1.918362966400e-01
4.561704387700e-01  4.059778853900e-01
D 1  1
1.747095074800e-01  1.000000000000e+00
D 1  1
6.197879663800e-02  1.000000000000e+00
F 1  1
3.861100000000e-01  1.000000000000e+00
F 1  1
1.076600000000e-01  1.000000000000e+00
G 1  1
1.114900000000e-01  1.000000000000e+00
@END

@ATOMBASIS ZR
S 2  1
1.100000000000e+01 -1.907559525700e-01
9.500000000000e+00  3.389558875400e-01
S 1  1
3.638366775900e+00  1.000000000000e+00
S 1  1
7.682202669800e-01  1.000000000000e+00
S 1  1
3.403682403600e-01  1.000000000000e+00
S 1  1
7.526129808500e-02  1.000000000000e+00
S 1  1
3.013140470500e-02  1.000000000000e+00
P 4  1
8.606630554300e+00  4.040426023600e-02
4.440097995800e+00 -2.118774520100e-01
1.128102694600e+00  4.916426689100e-01
5.434607631000e-01  5.730337065800e-01
P 1  1
2.502240604800e-01  1.000000000000e+00
P 1  1
8.500000000000e-02  1.000000000000e+00
P 1  1
2.900000000000e-02  1.000000000000e+00
D 3  1
4.556795779500e+00 -9.619056902300e-03
1.290493979700e+00  2.056999015500e-01
5.164698722200e-01  4.183138185100e-01
D 1  1
1.934979779400e-01  1.000000000000e+00
D 1  1
6.730980996700e-02  1.000000000000e+00
F 1  1
6.532200000000e-01  1.000000000000e+00
F 1  1
1.829300000000e-01  1.000000000000e+00
G 1  1
2.898900000000e-01  1.000000000000e+00
@END

@ATOMBASIS NB
S 2  1
1.200000000000e+01 -2.021950753000e-01
1.050000000000e+01  3.364010593900e-01
S 1  1
3.927606285400e+00  1.000000000000e+00
S 1  1
8.597654325800e-01  1.000000000000e+00
S 1  1
3.907408750500e-01  1.000000000000e+00
S 1  1
8.638725987900e-02  1.000000000000e+00
S 1  1
3.290620032600e-02  1.000000000000e+00
P 4  1
9.205628564600e+00  4.334768987400e-02
4.867963212500e+00 -2.130247923300e-01
1.244215579200e+00  4.810212713600e-01
6.039059031200e-01  5.391785896000e-01
P 1  1
2.796767555300e-01  1.000000000000e+00
P 1  1
9.000000000000e-02  1.000000000000e+00
P 1  1
3.000000000000e-02  1.000000000000e+00
D 3  1
4.617097586700e+00 -1.357447695500e-02
1.566343848000e+00  2.037431049600e-01
6.695242582600e-01  4.299745310500e-01
D 1  1
2.714094686700e-01  1.000000000000e+00
D 1  1
1.005442659200e-01  1.000000000000e+00
F 1  1
9.180100000000e-01  1.000000000000e+00
F 1  1
2.582000000000e-01  1.000000000000e+00
G 1  1
4.682900000000e-01  1.000000000000e+00
@END

@ATOMBASIS MO
S 2  1
1.400000000000e+01 -2.249004340600e-01
1.250000000000e+01  3.315124855500e-01
S 1  1
4.092150180300e+00  1.000000000000e+00
S 1  1
9.705360258600e-01  1.000000000000e+00
S 1  1
4.421762017000e-01  1.000000000000e+00
S 1  1
9.291502433400e-02  1.000000000000e+00
S 1  1
3.501631438900e-02  1.000000000000e+00
P 4  1
8.893111791500e+00  6.999444947500e-02
5.468911227000e+00 -2.354714188300e-01
1.354847300700e+00  4.631546000700e-01
6.549486746100e-01  4.882018471000e-01
P 1  1
3.042819747200e-01  1.000000000000e+00
P 1  1
1.000000000000e-01  1.000000000000e+00
P 1  1
3.300000000000e-02  1.000000000000e+00
D 3  1
5.004444549700e+00 -2.158736486200e-02
1.773682332400e+00  2.095868008600e-01
7.695059169600e-01  4.373088059900e-01
D 1  1
3.153087893900e-01  1.000000000000e+00
D 1  1
1.175437439000e-01  1.000000000000e+00
F 1  1
1.180510000000e+00  1.000000000000e+00
F 1  1
3.334800000000e-01  1.000000000000e+00
G 1  1
6.467000000000e-01  1.000000000000e+00
@END

@ATOMBASIS TC
S 2  1
1.500000000000e+01 -1.994540894100e-01
1.291058169400e+01  3.368992224500e-01
S 1  1
4.449332115800e+00  1.000000000000e+00
S 1  1
1.054840945100e+00  1.000000000000e+00
S 1  1
4.790967724600e-01  1.000000000000e+00
S 1  1
9.912416298900e-02  1.000000000000e+00
S 1  1
3.688279978900e-02  1.000000000000e+00
P 4  1
1.002713801100e+01  6.148160271000e-02
5.846341974100e+00 -2.360072938500e-01
1.496834549100e+00  4.774648399500e-01
7.293463206600e-01  5.073154349600e-01
P 1  1
3.391355887900e-01  1.000000000000e+00
P 1  1
1.100000000000e-01  1.000000000000e+00
P 1  1
3.500000000000e-02  1.000000000000e+00
D 3  1
5.090626869900e+00 -3.217640540500e-02
2.015617851000e+00  2.128080253600e-01
8.811388724000e-01  4.440330917500e-01
D 1  1
3.642709483300e-01  1.000000000000e+00
D 1  1
1.367840229700e-01  1.000000000000e+00
F 1  1
1.440640000000e+00  1.000000000000e+00
F 1  1
4.087500000000e-01  1.000000000000e+00
G 1  1
8.251000000000e-01  1.000000000000e+00
@END

@ATOMBASIS RU
S 2  1
1.600000000000e+01 -2.063400291900e-01
1.391058169400e+01  3.355043772500e-01
S 1  1
4.796797140700e+00  1.000000000000e+00
S 1  1
1.155542559400e+00  1.000000000000e+00
S 1  1
5.245574118200e-01  1.000000000000e+00
S 1  1
1.073457264600e-01  1.000000000000e+00
S 1  1
3.943276019200e-02  1.000000000000e+00
P 4  1
1.118720867100e+01  5.322507326300e-02
6.247768873400e+00 -2.273166205000e-01
1.627947285900e+00  4.786948605600e-01
7.932649353800e-01  5.021331156700e-01
P 1  1
3.670727686500e-01  1.000000000000e+00
P 1  1
1.150000000000e-01  1.000000000000e+00
P 1  1
3.700000000000e-02  1.000000000000e+00
D 3  1
5.734184661900e+00 -3.526611156000e-02
2.248368629400e+00  2.180250222200e-01
9.837697835900e-01  4.470956501300e-01
D 1  1
4.037944558300e-01  1.000000000000e+00
D 1  1
1.497861817300e-01  1.000000000000e+00
F 1  1
1.707790000000e+00  1.000000000000e+00
F 1  1
4.844200000000e-01  1.000000000000e+00
G 1  1
1.009300000000e+00  1.000000000000e+00
@END

@ATOMBASIS RH
S 2  1
1.700000000000e+01 -1.669080313900e-01
1.391058169400e+01  3.423500165200e-01
S 1  1
5.248126528800e+00  1.000000000000e+00
S 1  1
1.226257592800e+00  1.000000000000e+00
S 1  1
5.393021634900e-01  1.000000000000e+00
S 1  1
1.013073037700e-01  1.000000000000e+00
S 1  1
3.712413900500e-02  1.000000000000e+00
P 4  1
1.176710363100e+01  5.949485938800e-02
6.748513308300e+00 -2.373585347700e-01
1.750267983400e+00  4.901933430300e-01
8.432116613300e-01  5.062393375100e-01
P 1  1
3.829554475900e-01  1.000000000000e+00
P 1  1
1.150000000000e-01  1.000000000000e+00
P 1  1
3.700000000000e-02  1.000000000000e+00
D 4  1
1.985783013600e+01  6.696077818700e-03
1.006137813900e+01 -2.198173821300e-02
2.261954647700e+00  3.791870623600e-01
9.709884503500e-01  6.728997659200e-01
D 1  1
3.839119529700e-01  1.000000000000e+00
D 1  1
1.353702690400e-01  1.000000000000e+00
F 1  1
1.975070000000e+00  1.000000000000e+00
F 1  1
5.600900000000e-01  1.000000000000e+00
G 1  1
1.193500000000e+00  1.000000000000e+00
@END

@ATOMBASIS PD
S 2  1
1.800000000000e+01 -1.660538859800e-01
1.466213430800e+01  3.489995505500e-01
S 1  1
5.638870926500e+00  1.000000000000e+00
S 1  1
1.319895325200e+00  1.000000000000e+00
S 1  1
5.781790850900e-01  1.000000000000e+00
S 1  1
1.035216623900e-01  1.000000000000e+00
S 1  1
3.754844267400e-02  1.000000000000e+00
P 4  1
1.255289930000e+01  6.172899820600e-02
7.244449638000e+00 -2.417862675300e-01
1.890594107800e+00  4.945320091500e-01
9.073716876000e-01  5.045436262600e-01
P 1  1
4.087721081300e-01  1.000000000000e+00
P 1  1
1.150000000000e-01  1.000000000000e+00
P 1  1
3.700000000000e-02  1.000000000000e+00
D 4  1
2.235745757500e+01  3.955947954600e-03
1.068252638200e+01 -1.403901160100e-02
2.485823255000e+00  2.421947677600e-01
1.073533390300e+00  4.258028328100e-01
D 1  1
4.261384285300e-01  1.000000000000e+00
D 1  1
1.504635538500e-01  1.000000000000e+00
F 1  1
2.242460000000e+00  1.000000000000e+00
F 1  1
6.357500000000e-01  1.000000000000e+00
G 1  1
1.377700000000e+00  1.000000000000e+00
@END

@ATOMBASIS AG
S 2  1
1.900000000000e+01 -1.660010414100e-01
1.542819993300e+01  3.566509591800e-01
S 1  1
6.055350726800e+00  1.000000000000e+00
S 1  1
1.416236893500e+00  1.000000000000e+00
S 1  1
6.175863585800e-01  1.000000000000e+00
S 1  1
1.047419743100e-01  1.000000000000e+00
S 1  1
3.768510626400e-02  1.000000000000e+00
P 4  1
1.318818018000e+01  6.692873714700e-02
7.795278913800e+00 -2.473523540900e-01
2.035157191200e+00  4.915428021600e-01
9.809391484200e-01  4.974160900600e-01
P 1  1
4.445117995800e-01  1.000000000000e+00
P 1  1
1.300000000000e-01  1.000000000000e+00
P 1  1
4.120000000000e-02  1.000000000000e+00
D 4  1
2.578439735100e+01  3.564506308200e-03
1.139663675500e+01 -1.298426278400e-02
2.734558136100e+00  2.410882654800e-01
1.187358360500e+00  4.241233074400e-01
D 1  1
4.731691056600e-01  1.000000000000e+00
D 1  1
1.674601798600e-01  1.000000000000e+00
F 1  1
2.510030000000e+00  1.000000000000e+00
F 1  1
7.114200000000e-01  1.000000000000e+00
G 1  1
1.561900000000e+00  1.000000000000e+00
@END

@ATOMBASIS CD
S 2  1
2.000000000000e+01 -1.740119692700e-01
1.630905166100e+01  3.713727719400e-01
S 1  1
6.451270990100e+00  1.000000000000e+00
S 1  1
1.535004739000e+00  1.000000000000e+00
S 1  1
6.898363152300e-01  1.000000000000e+00
S 1  1
1.347572097700e-01  1.000000000000e+00
S 1  1
4.741687452700e-02  1.000000000000e+00
P 4  1
1.400068140400e+01  6.933306279300e-02
8.309401987200e+00 -2.542010368100e-01
2.202005812200e+00  4.920098036800e-01
1.077924613700e+00  4.970211813100e-01
P 1  1
5.011187984600e-01  1.000000000000e+00
P 1  1
1.600000000000e-01  1.000000000000e+00
P 1  1
5.160000000000e-02  1.000000000000e+00
D 4  1
3.038078979300e+01  3.254512383500e-03
1.147455157800e+01 -1.421207484300e-02
3.050739490300e+00  2.496175643600e-01
1.362202852400e+00  4.490563517600e-01
D 1  1
5.639940988800e-01  1.000000000000e+00
D 1  1
2.091668653500e-01  1.000000000000e+00
F 1  1
2.840010000000e+00  1.000000000000e+00
F 1  1
8.204800000000e-01  1.000000000000e+00
G 1  1
1.789600000000e+00  1.000000000000e+00
@END

@ATOMBASIS IN
S 4  1
8.477927677400e+02  1.243205247100e-04
7.204105482400e+01  2.360036760700e-03
4.106131652200e+01 -8.558829945300e-03
1.240760971300e+01  6.295203248900e-01
S 2  1
1.164031694100e+01  1.554342920000e+00
6.369564272700e+00  6.749248836100e-01
S 1  1
1.706323635300e+00  1.000000000000e+00
S 1  1
7.866696793600e-01  1.000000000000e+00
S 1  1
1.696519687300e-01  1.000000000000e+00
S 1  1
6.207485866700e-02  1.000000000000e+00
P 3  1
2.682813668500e+02  1.154219363600e-04
1.478155378200e+01  7.777983029200e-02
8.804147619400e+00 -2.833238947200e-01
P 3  1
2.371727722700e+00  4.789611174400e-01
1.192706542200e+00  4.829381996100e-01
5.835281204100e-01  1.684388372800e-01
P 1  1
2.328096831000e-01  1.000000000000e+00
P 1  1
8.867406520800e-02  1.000000000000e+00
P 1  1
3.359882826700e-02  1.000000000000e+00
D 6  1
9.428257506300e+01  4.365272969600e-04
1.971643110200e+01  6.391875308800e-01
1.960010682400e+01 -6.466311557700e-01
3.564318673700e+00  2.118757961400e-01
1.701780140000e+00  4.212932174100e-01
7.645661553100e-01  3.841812770700e-01
D 1  1
3.182676558400e-01  1.000000000000e+00
D 1  1
1.000000000000e-01  1.000000000000e+00
F 1  1
2.641599100000e-01  1.000000000000e+00
F 1  1
9.000000000000e-01  1.000000000000e+00
@END

@ATOMBASIS SN
S 4  1
1.577071593100e+03  1.704276771300e-04
2.352660107800e+02  8.146705727200e-04
3.820633064500e+01 -3.905790429300e-03
1.309703176500e+01  5.324592234300e-01
S 2  1
1.168149275900e+01  1.543528727500e+00
5.964760436100e+00  7.642151004100e-01
S 1  1
1.889107074000e+00  1.000000000000e+00
S 1  1
8.851408063000e-01  1.000000000000e+00
S 1  1
2.050010515200e-01  1.000000000000e+00
S 1  1
7.674855103200e-02  1.000000000000e+00
P 3  1
2.215576749600e+02  3.112517798300e-04
2.108402143300e+01  3.110809701600e-02
8.760013852100e+00 -2.757156091800e-01
P 3  1
2.591290972200e+00  4.591232866600e-01
1.342680115700e+00  4.968286721700e-01
6.773273582900e-01  1.896237782100e-01
P 1  1
2.941875675200e-01  1.000000000000e+00
P 1  1
1.186376205200e-01  1.000000000000e+00
P 1  1
4.621575063200e-02  1.000000000000e+00
D 6  1
1.083321015400e+02  4.656185327700e-04
2.370393663000e+01  5.406316306700e-02
2.233984390600e+01 -5.892876887700e-02
4.087483402800e+00  1.958850089600e-01
1.973735414600e+00  4.230179918500e-01
9.015825769200e-01  3.925271617600e-01
D 1  1
3.823715364900e-01  1.000000000000e+00
D 1  1
1.200000000000e-01  1.000000000000e+00
F 1  1
2.939284850000e-01  1.000000000000e+00
F 1  1
1.000000000000e+00  1.000000000000e+00
@END

@ATOMBASIS SB
S 4  1
1.612419993300e+03  2.854038078300e-04
2.388445209700e+02  1.339377874600e-03
2.399811880900e+01 -4.938815457400e-02
1.519312421300e+01  4.339222725400e-01
S 2  1
1.173640973300e+01  9.212551996500e-01
6.525977479400e+00  7.923528022600e-01
S 1  1
2.024745187200e+00  1.000000000000e+00
S 1  1
9.711341858700e-01  1.000000000000e+00
S 1  1
2.425433399800e-01  1.000000000000e+00
S 1  1
9.220660817700e-02  1.000000000000e+00
P 3  1
2.156839335400e+02  2.605182322100e-04
1.637447908800e+01  7.372800019500e-02
9.721628334500e+00 -2.723002812800e-01
P 3  1
2.798264315400e+00  4.647269237400e-01
1.471104503300e+00  5.036424207500e-01
7.516538530100e-01  1.870666629400e-01
P 1  1
3.316869984900e-01  1.000000000000e+00
P 1  1
1.393160636600e-01  1.000000000000e+00
P 1  1
5.639930752600e-02  1.000000000000e+00
D 6  1
1.159031225300e+02  5.314091505100e-04
3.047423372000e+01  5.941113916600e-03
1.822841823900e+01 -1.056370694700e-02
4.329145664600e+00  2.034817734100e-01
2.129481849600e+00  4.274837892800e-01
9.968263669200e-01  3.853956080900e-01
D 1  1
4.334723986300e-01  1.000000000000e+00
D 1  1
1.400000000000e-01  1.000000000000e+00
F 1  1
3.236970600000e-01  1.000000000000e+00
F 1  1
1.100000000000e+00  1.000000000000e+00
@END

@ATOMBASIS TE
S 5  1
6.213200165000e+03  1.739207328000e-04
9.208964001700e+02  1.193358984200e-03
1.992804270800e+02  3.625655677700e-03
2.477423309800e+01 -5.979103301200e-02
1.483819916900e+01  9.594320326300e-01
S 2  1
1.227876195400e+01  7.594242993600e-01
6.380784553200e+00  3.533168954200e-01
S 1  1
2.222840520500e+00  1.000000000000e+00
S 1  1
1.077604344200e+00  1.000000000000e+00
S 1  1
2.813664902500e-01  1.000000000000e+00
S 1  1
1.078157334100e-01  1.000000000000e+00
P 3  1
2.042940085200e+02  4.060540675100e-04
1.820875935800e+01  6.025545161300e-02
9.921102430200e+00 -2.749167127700e-01
P 3  1
3.144152868500e+00  4.315484997400e-01
1.722088403100e+00  5.540307911000e-01
8.909894571400e-01  2.408731122700e-01
P 1  1
3.980471956800e-01  1.000000000000e+00
P 1  1
1.653878524200e-01  1.000000000000e+00
P 1  1
6.508269558600e-02  1.000000000000e+00
D 6  1
1.215105524900e+02  6.349062902400e-04
3.296879439600e+01  6.181193632400e-03
1.924986245100e+01 -8.892982521800e-03
4.719840725400e+00  2.015988476400e-01
2.342806141600e+00  4.297604901300e-01
1.113537941200e+00  3.824712675100e-01
D 1  1
4.920006151000e-01  1.000000000000e+00
D 1  1
1.600000000000e-01  1.000000000000e+00
F 1  1
3.825575700000e-01  1.000000000000e+00
F 1  1
1.850000000000e+00  1.000000000000e+00
@END

@ATOMBASIS I
S 5  1
5.899579153300e+03  2.418826927100e-04
8.985423876500e+02  1.547404174200e-03
2.003723791200e+02  4.283668445700e-03
3.141805384000e+01 -3.941793627500e-02
1.564598783800e+01  9.608669199200e-01
S 2  1
1.181574185700e+01  7.596152409100e-01
6.461445828700e+00  4.249550183500e-01
S 1  1
2.383806757900e+00  1.000000000000e+00
S 1  1
1.171208966200e+00  1.000000000000e+00
S 1  1
3.211587575700e-01  1.000000000000e+00
S 1  1
1.238791936400e-01  1.000000000000e+00
P 3  1
1.973003054700e+02  7.395122690500e-04
2.006141134900e+01  6.616845000800e-02
9.763146048500e+00 -2.855466234800e-01
P 4  1
1.298431690400e+01 -4.909618616400e-02
3.619950300800e+00  3.891443248200e-01
2.023227309000e+00  6.561081726200e-01
1.036749055900e+00  3.180355164700e-01
P 1  1
4.593781600000e-01  1.000000000000e+00
P 1  1
1.911653292800e-01  1.000000000000e+00
P 1  1
7.487881302300e-02  1.000000000000e+00
D 6  1
1.191267174500e+02  8.259603957300e-04
3.340424013400e+01  6.837767577000e-03
1.780591820300e+01 -1.030815899700e-02
4.899051035300e+00  2.267045765800e-01
2.451675310600e+00  4.418011393700e-01
1.182069343200e+00  3.677547222500e-01
D 1  1
5.292311006800e-01  1.000000000000e+00
D 1  1
1.700000000000e-01  1.000000000000e+00
F 1  1
4.414180800000e-01  1.000000000000e+00
F 1  1
2.180000000000e+00  1.000000000000e+00
@END

@ATOMBASIS XE
S 5  1
6.420248165600e+03  2.509217388600e-04
9.835453066400e+02  1.625194817800e-03
2.194388136400e+02  4.603710645100e-03
2.301258780700e+01 -1.469870718200e-01
1.804832449000e+01  5.752487034800e-01
S 2  1
1.175255016300e+01  6.603842015600e-01
6.239091719900e+00  3.847052472100e-01
S 1  1
2.625721132000e+00  1.000000000000e+00
S 1  1
1.290504294300e+00  1.000000000000e+00
S 1  1
3.620418506000e-01  1.000000000000e+00
S 1  1
1.406988809100e-01  1.000000000000e+00
P 3  1
1.938143254500e+02  9.539480249700e-04
2.172522808600e+01  5.739335333200e-02
9.889160564100e+00 -2.797426664000e-01
P 4  1
1.396068382600e+01 -5.095015780700e-02
4.092894709700e+00  3.666921180000e-01
2.254681546000e+00  7.261945686100e-01
1.154659618400e+00  3.555587174000e-01
P 1  1
5.232192312800e-01  1.000000000000e+00
P 1  1
2.194556980000e-01  1.000000000000e+00
P 1  1
8.615899683600e-02  1.000000000000e+00
D 6  1
1.356030003800e+02  8.187354329000e-04
3.872706269200e+01  6.089765415100e-03
1.537732808900e+01 -9.278298559600e-03
5.260253768600e+00  2.289078558900e-01
2.659062742400e+00  4.443440705100e-01
1.293820512400e+00  3.602948299200e-01
D 1  1
5.805083013900e-01  1.000000000000e+00
D 1  1
1.800000000000e-01  1.000000000000e+00
F 1  1
4.965279300000e-01  1.000000000000e+00
F 1  1
2.500000000000e+00  1.000000000000e+00
@END

@ATOMBASIS CS
S 3  1
5.877811344300e+00  1.285999498300e-01
4.363153828600e+00 -3.463256972500e-01
1.804847515500e+00  6.993063705100e-01
S 1  1
3.748523713600e-01  1.000000000000e+00
S 1  1
1.638485877800e-01  1.000000000000e+00
S 1  1
2.723046204800e-02  1.000000000000e+00
S 1  1
1.199153321200e-02  1.000000000000e+00
P 4  1
4.275185615400e+00  4.572307417400e-02
1.965666336000e+00 -2.501996197600e-01
4.768919521200e-01  5.566085006600e-01
2.152974958800e-01  5.821855340600e-01
P 1  1
9.145085029600e-02  1.000000000000e+00
P 1  1
1.759207847300e-02  1.000000000000e+00
D 1  1
2.794147154800e-01  1.000000000000e+00
D 1  1
6.241980973900e-02  1.000000000000e+00
D 1  1
1.598787015600e-02  1.000000000000e+00
F 1  1
5.877700000000e-01  1.000000000000e+00
@END

@ATOMBASIS BA
S 2  1
6.000000000000e+00 -5.658717483800e-01
4.982208222600e+00  9.751476853500e-01
S 1  1
2.145194391400e+00  1.000000000000e+00
S 1  1
4.148617410000e-01  1.000000000000e+00
S 1  1
1.921475701600e-01  1.000000000000e+00
S 1  1
4.846589033700e-02  1.000000000000e+00
S 1  1
2.013829894800e-02  1.000000000000e+00
P 4  1
5.500000000000e+00 -4.458631299800e-01
4.901793833600e+00  6.775547981300e-01
2.614268506200e+00 -4.601055495400e-01
4.790339498300e-01  6.874960802100e-01
P 1  1
1.941513874700e-01  1.000000000000e+00
P 1  1
3.491762202700e-02  1.000000000000e+00
P 1  1
1.632006566600e-02  1.000000000000e+00
D 3  1
9.663150000000e-01 -9.089380000000e-01
8.938280000000e-01  9.472400000000e-01
2.731950000000e-01  3.220570000000e-01
D 1  1
1.038910000000e-01  1.000000000000e+00
D 1  1
3.557800000000e-02  1.000000000000e+00
F 1  1
6.576000000000e-01  1.000000000000e+00
@END

@ATOMBASIS LA
S 2  1
5.087399000000e+00 -4.417495253400e-01
4.270978000000e+00  8.581246684300e-01
S 1  1
2.182365604500e+00  1.000000000000e+00
S 1  1
4.896653378500e-01  1.000000000000e+00
S 1  1
2.330167534800e-01  1.000000000000e+00
S 1  1
5.571952305100e-02  1.000000000000e+00
S 1  1
2.285470880800e-02  1.000000000000e+00
P 4  1
6.000000000000e+00 -1.139796092400e-02
3.680819161500e+00  1.467503855000e-01
2.326546208100e+00 -3.558181916700e-01
6.434262963300e-01  4.583495522900e-01
P 1  1
3.358428196200e-01  1.000000000000e+00
P 1  1
1.651905191600e-01  1.000000000000e+00
P 1  1
3.540000000000e-02  1.000000000000e+00
D 3  1
1.267528801800e+00 -1.756927403500e-01
8.939534028400e-01  2.513992293300e-01
3.309576733900e-01  4.460326705300e-01
D 1  1
1.346137750100e-01  1.000000000000e+00
D 1  1
5.144162983900e-02  1.000000000000e+00
F 1  1
3.894100000000e-01  1.000000000000e+00
F 1  1
1.204300000000e-01  1.000000000000e+00
G 1  1
1.790700000000e-01  1.000000000000e+00
@END

@ATOMBASIS HF
S 4  1
2.400000000000e+01  1.936944864400e-01
1.600000000000e+01 -3.506463078200e+00
1.440000000000e+01  4.308258100000e+00
1.030450466700e+01 -9.104580974200e-01
S 1  1
3.842651082400e+00  1.000000000000e+00
S 1  1
9.329602904900e-01  1.000000000000e+00
S 1  1
4.261532094200e-01  1.000000000000e+00
S 1  1
9.336656019500e-02  1.000000000000e+00
S 1  1
3.553289514100e-02  1.000000000000e+00
P 4  1
1.700000000000e+01 -3.031649188000e-02
1.173807209700e+01  1.013927968600e-01
4.920396716100e+00 -2.822792465700e-01
1.125172613800e+00  5.203200850100e-01
P 1  1
5.422011405500e-01  1.000000000000e+00
P 1  1
2.565944787700e-01  1.000000000000e+00
P 1  1
6.500000000000e-02  1.000000000000e+00
D 3  1
3.982062322900e+00 -4.244602394400e-02
1.307798777200e+00  1.840923256400e-01
5.327231029800e-01  4.148442351600e-01
D 1  1
2.056495448800e-01  1.000000000000e+00
D 1  1
7.309985878700e-02  1.000000000000e+00
F 1  1
5.310400000000e-01  1.000000000000e+00
F 1  1
1.653700000000e-01  1.000000000000e+00
G 1  1
2.903600000000e-01  1.000000000000e+00
@END

@ATOMBASIS TA
S 4  1
2.447365094400e+01  2.059032248800e-01
1.872137254900e+01 -7.467079551400e-01
1.150000000000e+01  3.407136389700e+00
1.035000000000e+01 -2.817548760900e+00
S 1  1
3.843618008900e+00  1.000000000000e+00
S 1  1
1.020226601600e+00  1.000000000000e+00
S 1  1
4.677478186900e-01  1.000000000000e+00
S 1  1
1.032318667000e-01  1.000000000000e+00
S 1  1
3.867446120300e-02  1.000000000000e+00
P 4  1
1.700000000000e+01 -3.257730561600e-02
1.200818653600e+01  1.033628736500e-01
5.027876058300e+00 -2.852652169600e-01
1.193712418400e+00  5.179014115500e-01
P 1  1
5.788970705300e-01  1.000000000000e+00
P 1  1
2.722519880100e-01  1.000000000000e+00
P 1  1
6.500000000000e-02  1.000000000000e+00
D 3  1
3.973879627800e+00 -5.279931071400e-02
1.452888481300e+00  1.855831947100e-01
6.104290854400e-01  4.295907163100e-01
D 1  1
2.421627651000e-01  1.000000000000e+00
D 1  1
8.790931833700e-02  1.000000000000e+00
F 1  1
6.706600000000e-01  1.000000000000e+00
F 1  1
2.103100000000e-01  1.000000000000e+00
G 1  1
4.016500000000e-01  1.000000000000e+00
@END

@ATOMBASIS W
S 3  1
3.000000000000e+01  3.224648341000e-01
2.700000000000e+01 -4.669225721400e-01
1.307804568400e+01  4.269956377600e-01
S 1  1
4.810044971700e+00  1.000000000000e+00
S 1  1
9.849780426300e-01  1.000000000000e+00
S 1  1
4.491048534400e-01  1.000000000000e+00
S 1  1
1.144835292000e-01  1.000000000000e+00
S 1  1
4.172042195600e-02  1.000000000000e+00
P 4  1
1.700000000000e+01 -3.781776843300e-02
1.243197343200e+01  1.090567384500e-01
5.158621765800e+00 -2.939995502000e-01
1.280145481200e+00  5.156072669700e-01
P 1  1
6.285679089800e-01  1.000000000000e+00
P 1  1
2.938042355300e-01  1.000000000000e+00
P 1  1
6.500000000000e-02  1.000000000000e+00
D 4  1
7.406473731500e+00  8.699396301800e-02
5.902626860300e+00 -1.766754001100e-01
1.298475675000e+00  5.514569703000e-01
5.715350854100e-01  9.531359653500e-01
D 1  1
2.384552660600e-01  1.000000000000e+00
D 1  1
9.114426733100e-02  1.000000000000e+00
F 1  1
8.082400000000e-01  1.000000000000e+00
F 1  1
2.552400000000e-01  1.000000000000e+00
G 1  1
5.129300000000e-01  1.000000000000e+00
@END

@ATOMBASIS RE
S 3  1
3.000000000000e+01  3.178071781100e-01
2.700000000000e+01 -4.649232133200e-01
1.307804568400e+01  4.572364130500e-01
S 1  1
5.035271286100e+00  1.000000000000e+00
S 1  1
1.048270643800e+00  1.000000000000e+00
S 1  1
4.770877341300e-01  1.000000000000e+00
S 1  1
1.222585725500e-01  1.000000000000e+00
S 1  1
4.400740060900e-02  1.000000000000e+00
P 4  1
1.800000000000e+01 -2.689096239700e-02
1.231860625000e+01  9.971149850200e-02
5.371923450500e+00 -2.928939814500e-01
1.350664674800e+00  5.146630143400e-01
P 1  1
6.621281680800e-01  1.000000000000e+00
P 1  1
3.107138519300e-01  1.000000000000e+00
P 1  1
7.000000000000e-02  1.000000000000e+00
D 4  1
7.735287767200e+00  8.390179855600e-02
6.094944361000e+00 -1.772225873400e-01
1.387110549700e+00  5.523825969200e-01
6.232402785400e-01  9.198011123900e-01
D 1  1
2.651732854700e-01  1.000000000000e+00
D 1  1
1.032109684900e-01  1.000000000000e+00
F 1  1
9.438600000000e-01  1.000000000000e+00
F 1  1
3.001800000000e-01  1.000000000000e+00
G 1  1
6.242200000000e-01  1.000000000000e+00
@END

@ATOMBASIS OS
S 3  1
3.000000000000e+01  3.221300480400e-01
2.700000000000e+01 -4.792291813700e-01
1.352473000500e+01  4.746594683700e-01
S 1  1
5.240288347200e+00  1.000000000000e+00
S 1  1
1.130666124500e+00  1.000000000000e+00
S 1  1
5.168996691700e-01  1.000000000000e+00
S 1  1
1.322295354500e-01  1.000000000000e+00
S 1  1
4.722031880100e-02  1.000000000000e+00
P 4  1
1.550000000000e+01  1.601646337600e-01
1.400000000000e+01 -2.320152040200e-01
5.545829042000e+00  2.977258727400e-01
1.413950221500e+00 -5.425323817600e-01
P 1  1
6.813668676500e-01  1.000000000000e+00
P 1  1
3.091145264700e-01  1.000000000000e+00
P 1  1
5.200000000000e-02  1.000000000000e+00
D 4  1
8.294505948700e+00  6.964822211000e-02
6.306039743000e+00 -1.644422963000e-01
1.489010911000e+00  5.515454103300e-01
6.731539060700e-01  8.846137029100e-01
D 1  1
2.859080522200e-01  1.000000000000e+00
D 1  1
1.105801205100e-01  1.000000000000e+00
F 1  1
1.067290000000e+00  1.000000000000e+00
F 1  1
3.422200000000e-01  1.000000000000e+00
G 1  1
7.548900000000e-01  1.000000000000e+00
@END

@ATOMBASIS IR
S 3  1
3.000000000000e+01  3.079790322800e-01
2.700000000000e+01 -4.672636178100e-01
1.396197391100e+01  4.716100314600e-01
S 1  1
5.395697780200e+00  1.000000000000e+00
S 1  1
1.214912872100e+00  1.000000000000e+00
S 1  1
5.588574375600e-01  1.000000000000e+00
S 1  1
1.409797431300e-01  1.000000000000e+00
S 1  1
5.002192498900e-02  1.000000000000e+00
P 4  1
1.590266414300e+01 -1.629072009900e-01
1.441583069800e+01  2.348321298700e-01
5.759760899100e+00 -3.030533717600e-01
1.500891310800e+00  5.551298206900e-01
P 1  1
7.234803595700e-01  1.000000000000e+00
P 1  1
3.278598032800e-01  1.000000000000e+00
P 1  1
5.600000000000e-02  1.000000000000e+00
D 4  1
8.632169250400e+00  7.500009994900e-02
6.589819230200e+00 -1.732696517300e-01
1.580837966300e+00  5.506519691300e-01
7.182783490500e-01  8.527364143600e-01
D 1  1
3.057185199800e-01  1.000000000000e+00
D 1  1
1.182707187900e-01  1.000000000000e+00
F 1  1
1.188570000000e+00  1.000000000000e+00
F 1  1
3.842600000000e-01  1.000000000000e+00
G 1  1
8.855600000000e-01  1.000000000000e+00
@END

@ATOMBASIS PT
S 3  1
3.000000000000e+01  2.714826390000e-01
2.700000000000e+01 -4.222675877400e-01
1.440831856400e+01  4.436158199500e-01
S 1  1
5.533578801000e+00  1.000000000000e+00
S 1  1
1.298643822300e+00  1.000000000000e+00
S 1  1
5.875939310800e-01  1.000000000000e+00
S 1  1
1.384558726100e-01  1.000000000000e+00
S 1  1
4.920445988800e-02  1.000000000000e+00
P 4  1
1.550000000000e+01 -1.567271862900e-01
1.400000000000e+01  2.385341298900e-01
6.116121233900e+00 -3.104137973300e-01
1.571558638500e+00  5.647352508900e-01
P 1  1
7.513251078100e-01  1.000000000000e+00
P 1  1
3.330646681200e-01  1.000000000000e+00
P 1  1
5.700000000000e-02  1.000000000000e+00
D 4  1
8.320793761100e+00  6.294579864600e-02
7.420722652000e+00 -9.027184707200e-02
1.657041063900e+00  1.681252641600e-01
7.394356996000e-01  2.504541697000e-01
D 1  1
3.051085600800e-01  1.000000000000e+00
D 1  1
1.135040526800e-01  1.000000000000e+00
F 1  1
1.307710000000e+00  1.000000000000e+00
F 1  1
4.263000000000e-01  1.000000000000e+00
G 1  1
1.016230000000e+00  1.000000000000e+00
@END

@ATOMBASIS AU
S 3  1
3.000000000000e+01  2.074923110800e-01
2.700000000000e+01 -3.326789339400e-01
1.474682433100e+01  3.830281795800e-01
S 1  1
5.601724893800e+00  1.000000000000e+00
S 1  1
1.387416244300e+00  1.000000000000e+00
S 1  1
6.292303195700e-01  1.000000000000e+00
S 1  1
1.402751761300e-01  1.000000000000e+00
S 1  1
4.937941376100e-02  1.000000000000e+00
P 4  1
1.550000000000e+01  1.500171188000e-01
1.400000000000e+01 -2.360981318300e-01
6.422736820500e+00  3.145889694800e-01
1.659560168100e+00 -5.727967044600e-01
P 1  1
7.940291399300e-01  1.000000000000e+00
P 1  1
3.512515539700e-01  1.000000000000e+00
P 1  1
4.500000000000e-02  1.000000000000e+00
D 4  1
9.552409865600e+00  4.014555950200e-02
7.269888693700e+00 -9.369090660600e-02
1.774649678900e+00  3.174628231700e-01
7.996054105500e-01  4.679519248300e-01
D 1  1
3.325227937200e-01  1.000000000000e+00
D 1  1
1.244513310500e-01  1.000000000000e+00
F 1  1
1.424690000000e+00  1.000000000000e+00
F 1  1
4.683400000000e-01  1.000000000000e+00
G 1  1
1.146900000000e+00  1.000000000000e+00
@END

@ATOMBASIS HG
S 3  1
4.801378699000e+01  5.800816491200e-03
2.123987509500e+01 -1.732816523500e-01
1.587610087900e+01  3.641668503400e-01
S 1  1
5.518053182000e+00  1.000000000000e+00
S 1  1
1.509914547900e+00  1.000000000000e+00
S 1  1
7.068348215900e-01  1.000000000000e+00
S 1  1
1.626626557600e-01  1.000000000000e+00
S 1  1
5.696058911200e-02  1.000000000000e+00
P 4  1
1.750000000000e+01 -8.645718733100e-02
1.525259485500e+01  1.532731823400e-01
6.440471516900e+00 -3.027495524900e-01
1.818015992000e+00  5.436128502600e-01
P 1  1
9.006798180100e-01  1.000000000000e+00
P 1  1
4.130454012200e-01  1.000000000000e+00
P 1  1
1.184570265500e-01  1.000000000000e+00
P 1  1
3.608761934900e-02  1.000000000000e+00
D 4  1
1.002819770100e+01  3.992235316500e-02
7.592066149300e+00 -9.477423052200e-02
1.914425611800e+00  3.116415746300e-01
8.864155210200e-01  4.556707840600e-01
D 1  1
3.815423532000e-01  1.000000000000e+00
D 1  1
1.488074008600e-01  1.000000000000e+00
F 1  1
1.552170000000e+00  1.000000000000e+00
F 1  1
5.243100000000e-01  1.000000000000e+00
G 1  1
1.289500000000e+00  1.000000000000e+00
@END

@ATOMBASIS TL
S 4  1
7.296503814500e+02  1.367282982800e-04
4.666554870700e+01  6.044343995100e-03
2.097044872600e+01 -2.002206669700e-01
1.414958867700e+01  4.080167848800e-01
S 2  1
2.073013428500e+01 -7.186113591800e-02
6.152763130900e+00  9.805750844500e-01
S 1  1
1.575732448000e+00  1.000000000000e+00
S 1  1
7.498016945800e-01  1.000000000000e+00
S 1  1
1.953681619400e-01  1.000000000000e+00
S 1  1
7.087876729800e-02  1.000000000000e+00
P 3  1
1.538385261600e+01  6.171794918000e-01
1.481492954400e+01 -7.285923515100e-01
6.726125365800e+00  4.043819536400e-01
P 3  1
1.962618214900e+00  4.315766116000e-01
1.033185785100e+00  3.923040385300e-01
5.383744599600e-01  1.400740682000e-01
P 1  1
2.444661167600e-01  1.000000000000e+00
P 1  1
9.078537726000e-02  1.000000000000e+00
P 1  1
3.340132149800e-02  1.000000000000e+00
D 6  1
5.760681992800e+01  1.605481111400e-04
9.736886666700e+00  2.445656249600e-02
6.925620167900e+00 -6.991477503100e-02
2.139623073100e+00  1.949626949000e-01
1.083618711000e+00  2.973162970500e-01
5.235629820900e-01  2.372870810200e-01
D 1  1
2.384230937500e-01  1.000000000000e+00
D 1  1
9.500000000000e-02  1.000000000000e+00
F 1  1
2.843500000000e-01  1.000000000000e+00
F 1  1
9.500000000000e-01  1.000000000000e+00
@END

@ATOMBASIS PB
S 4  1
5.916112437000e+02  2.212652107600e-04
4.675723255900e+01  5.696195913000e-03
2.074646269600e+01 -2.137406383100e-01
1.461079641900e+01  4.050262061600e-01
S 2  1
2.022263761200e+01 -8.354188329900e-02
6.476732486500e+00  9.791089238800e-01
S 1  1
1.660060092700e+00  1.000000000000e+00
S 1  1
8.043165500100e-01  1.000000000000e+00
S 1  1
2.262703902000e-01  1.000000000000e+00
S 1  1
8.401453066500e-02  1.000000000000e+00
P 3  1
1.518910211800e+01  6.195230358300e-01
1.469314441500e+01 -7.249849708600e-01
6.870589004800e+00  3.768000798400e-01
P 3  1
2.202142612300e+00  4.019628480600e-01
1.220912511900e+00  4.605813186200e-01
6.336755981500e-01  1.936765539700e-01
P 1  1
2.820283705800e-01  1.000000000000e+00
P 1  1
1.133337566600e-01  1.000000000000e+00
P 1  1
4.394870743000e-02  1.000000000000e+00
D 6  1
6.131536962800e+01  3.387080078700e-04
1.237219584000e+01  1.378868394200e-02
6.925494498300e+00 -7.597960810300e-02
2.331953993900e+00  2.811378429800e-01
1.210873000300e+00  4.447451226900e-01
6.009047850600e-01  3.532687435100e-01
D 1  1
2.813586981300e-01  1.000000000000e+00
D 1  1
1.150000000000e-01  1.000000000000e+00
F 1  1
2.896200000000e-01  1.000000000000e+00
F 1  1
1.000000000000e+00  1.000000000000e+00
@END

@ATOMBASIS BI
S 4  1
7.164143531000e+02  3.125430713300e-04
8.380605904700e+01  1.762476894600e-03
2.111696285300e+01 -2.191098343700e-01
1.549144818700e+01  4.041122493100e-01
S 2  1
2.323985502900e+01 -6.825575868500e-02
6.647425500000e+00  9.788804647100e-01
S 1  1
1.761774400500e+00  1.000000000000e+00
S 1  1
8.725286600000e-01  1.000000000000e+00
S 1  1
2.561889599700e-01  1.000000000000e+00
S 1  1
9.707391300600e-02  1.000000000000e+00
P 3  1
1.524964466900e+01  7.456035600000e-01
1.484617605300e+01 -8.557863733800e-01
7.063682678400e+00  4.014915959200e-01
P 3  1
2.588125561600e+00  3.554272963300e-01
1.502020849900e+00  6.397699189000e-01
7.673272438800e-01  3.233277383900e-01
P 1  1
3.279764898200e-01  1.000000000000e+00
P 1  1
1.382033599100e-01  1.000000000000e+00
P 1  1
5.513733096900e-02  1.000000000000e+00
D 6  1
6.640448194800e+01  3.810287834800e-04
1.385842696100e+01  1.074615244200e-02
7.065451900000e+00 -7.194764684500e-02
2.525214403500e+00  2.619597498900e-01
1.341958500000e+00  4.259475000000e-01
6.834094100000e-01  3.368032562700e-01
D 1  1
3.293475542000e-01  1.000000000000e+00
D 1  1
1.400000000000e-01  1.000000000000e+00
F 1  1
3.127100000000e-01  1.000000000000e+00
F 1  1
1.050000000000e+00  1.000000000000e+00
@END

@ATOMBASIS PO
S 5  1
6.744821176500e+03  7.689155636300e-05
7.444189253200e+02  7.128482735400e-04
1.310402930900e+02  2.205758395800e-03
1.966202103000e+01 -6.436471374400e-01
1.662302560900e+01  9.199715054600e-01
S 2  1
2.309400296500e+01 -7.040441017700e-02
6.970739838100e+00  9.788654008600e-01
S 1  1
1.849737759300e+00  1.000000000000e+00
S 1  1
9.308299926300e-01  1.000000000000e+00
S 1  1
2.867302646200e-01  1.000000000000e+00
S 1  1
1.097921216900e-01  1.000000000000e+00
P 3  1
2.539902449700e+02  8.387636211600e-05
9.871271874800e+00  2.457271045800e-01
7.448989349600e+00 -4.429776366100e-01
P 4  1
8.902739540700e+00 -1.379825044500e-01
5.741466746500e+00  2.630400532600e-01
1.989632982300e+00  6.622584616100e-01
9.470321082200e-01  3.954705189200e-01
P 1  1
3.707113628000e-01  1.000000000000e+00
P 1  1
1.555470608600e-01  1.000000000000e+00
P 1  1
6.117372081800e-02  1.000000000000e+00
D 6  1
6.794307704600e+01  4.891912533600e-04
1.491421989400e+01  1.015712077600e-02
7.297394830500e+00 -6.994326306600e-02
2.682678440000e+00  2.624473068000e-01
1.437414300900e+00  4.270236149400e-01
7.390379741700e-01  3.250243547700e-01
D 1  1
3.583815328100e-01  1.000000000000e+00
D 1  1
1.500000000000e-01  1.000000000000e+00
F 1  1
3.327500000000e-01  1.000000000000e+00
F 1  1
1.400000000000e+00  1.000000000000e+00
@END

@ATOMBASIS AT
S 5  1
3.635980935600e+03  1.257146349400e-04
5.376412982300e+02  7.595088382000e-04
9.160003075600e+01  2.579098234800e-03
2.020000580400e+01 -5.477218769900e-01
1.689387382400e+01  7.841750778600e-01
S 2  1
1.817721693800e+01 -1.302362700200e-01
7.231785208200e+00  9.647356674700e-01
S 1  1
1.949619973900e+00  1.000000000000e+00
S 1  1
9.922669523600e-01  1.000000000000e+00
S 1  1
3.195717888100e-01  1.000000000000e+00
S 1  1
1.234253980900e-01  1.000000000000e+00
P 3  1
2.168151892800e+02  1.697529709000e-04
1.059229811500e+01  2.268375579300e-01
7.459658543000e+00 -4.733684837700e-01
P 4  1
8.948415647100e+00 -1.501295347500e-01
5.969459246400e+00  2.704814178800e-01
2.109908820900e+00  6.367121772200e-01
1.023637037300e+00  3.805747261500e-01
P 1  1
4.218635656500e-01  1.000000000000e+00
P 1  1
1.775713226800e-01  1.000000000000e+00
P 1  1
6.967088693900e-02  1.000000000000e+00
D 6  1
7.061963339300e+01  5.997402291400e-04
1.621209647800e+01  9.344595283900e-03
7.360740147900e+00 -7.074841389700e-02
2.930905259200e+00  2.403736607700e-01
1.608541482300e+00  4.184137262400e-01
8.419416271500e-01  3.283265104400e-01
D 1  1
4.133567795700e-01  1.000000000000e+00
D 1  1
1.740000000000e-01  1.000000000000e+00
F 1  1
3.740800000000e-01  1.000000000000e+00
F 1  1
1.800000000000e+00  1.000000000000e+00
@END

@ATOMBASIS RN
S 5  1
5.187744246800e+03  1.609703484800e-04
7.681449120700e+02  1.050821478900e-03
1.593518206500e+02  2.737543809300e-03
2.186343272400e+01 -5.504590490500e-01
1.838868997800e+01  7.832137392200e-01
S 2  1
2.481622644800e+01 -8.263679720400e-02
7.292330167700e+00  1.092625600000e+00
S 1  1
2.085043716600e+00  1.000000000000e+00
S 1  1
1.091524594500e+00  1.000000000000e+00
S 1  1
3.491570842800e-01  1.000000000000e+00
S 1  1
1.364842295200e-01  1.000000000000e+00
P 3  1
1.946891872300e+02  2.626581404600e-04
1.121001352500e+01  1.995230262100e-01
7.529831648900e+00 -4.599447956100e-01
P 4  1
9.084500030400e+00 -2.309391742600e-01
6.263148971700e+00  3.974761419200e-01
2.254519373400e+00  8.302669383800e-01
1.118066691800e+00  5.146701311200e-01
P 1  1
4.744449259400e-01  1.000000000000e+00
P 1  1
2.017235461600e-01  1.000000000000e+00
P 1  1
7.950314439200e-02  1.000000000000e+00
D 6  1
7.530272366500e+01  7.359023842900e-04
1.796591383000e+01  8.949082738900e-03
7.374129803300e+00 -7.664166369300e-02
3.229625857800e+00  2.297540460200e-01
1.793784050800e+00  4.399149531100e-01
9.463331973200e-01  3.525939519800e-01
D 1  1
4.686048222300e-01  1.000000000000e+00
D 1  1
2.000000000000e-01  1.000000000000e+00
F 1  1
4.180600000000e-01  1.000000000000e+00
F 1  1
2.100000000000e+00  1.000000000000e+00
@END
3fb29a97bba45a678ab7a38ff4610754
