@BASIS_SET DEF2-TZVPPD

@ATOMBASIS H
S 3 1
3.406134100000e+01  6.025197800000e-03
5.123574600000e+00  4.502109400000e-02
1.164662600000e+00  2.018972600000e-01
S 1 1
3.272304000000e-01  1.000000000000e+00
S 1 1
1.030724000000e-01  1.000000000000e+00
P 1 1
1.407000000000e+00  1.000000000000e+00
P 1 1
3.880000000000e-01  1.000000000000e+00
P 1 1
9.577410000000e-02  1.000000000000e+00
D 1 1
1.057000000000e+00  1.000000000000e+00
@END

@ATOMBASIS HE
S 3 1
9.807832160000e+01  7.580306500000e-03
1.476440420000e+01  5.484862100000e-02
3.318583100000e+00  2.207438200000e-01
S 1 1
8.741387000000e-01  1.000000000000e+00
S 1 1
2.445990000000e-01  1.000000000000e+00
P 1 1
3.044000000000e+00  1.000000000000e+00
P 1 1
7.580000000000e-01  1.000000000000e+00
P 1 1
1.940410000000e-01  1.000000000000e+00
D 1 1
1.965000000000e+00  1.000000000000e+00
@END

@ATOMBASIS LI
S 6 1
6.269262801000e+03  2.054096900000e-04
9.403161243000e+02  1.591655400000e-03
2.142210753000e+02  8.286983000000e-03
6.075984020000e+01  3.385637400000e-02
1.991515200000e+01  1.110322600000e-01
7.317151000000e+00  2.744938300000e-01
S 2 1
2.972467400000e+00  2.379245600000e-01
1.263985200000e+00  3.076541200000e-01
S 1 1
5.142749000000e-01  1.000000000000e+00
S 1 1
7.703090000000e-02  1.000000000000e+00
S 1 1
2.893890000000e-02  1.000000000000e+00
P 1 1
4.000000000000e-01  1.000000000000e+00
P 1 1
6.000000000000e-02  1.000000000000e+00
P 1 1
3.327000000000e+00  1.000000000000e+00
P 1 1
2.009720000000e-02  1.000000000000e+00
D 1 1
1.319000000000e-01  1.000000000000e+00
@END

@ATOMBASIS BE
S 6 1
4.700236562600e+03  2.358438900000e-04
7.048284562000e+02  1.824379100000e-03
1.604311048000e+02  9.396614800000e-03
4.542534730000e+01  3.690892400000e-02
1.479833410000e+01  1.089756100000e-01
5.351245300000e+00  2.169428500000e-01
S 2 1
2.154204500000e+00  4.469540900000e-01
9.336374000000e-01  2.086698600000e-01
S 1 1
1.879143000000e-01  1.000000000000e+00
S 1 1
7.464830000000e-02  1.000000000000e+00
S 1 1
3.265050000000e-02  1.000000000000e+00
P 2 1
7.169569000000e-01 -1.687785400000e-01
1.954193000000e-01 -5.140342000000e-01
P 1 1
3.631691700000e+00  1.000000000000e+00
P 1 1
6.051550000000e-02  1.000000000000e+00
P 1 1
2.772630000000e-02  1.000000000000e+00
D 1 1
1.800000000000e-01  1.000000000000e+00
@END

@ATOMBASIS B
S 6 1
8.564866068700e+03  2.283719800000e-04
1.284151626300e+03  1.768257600000e-03
2.922787160000e+02  9.140708100000e-03
8.277546920000e+01  3.634263900000e-02
2.701793930000e+01  1.106345800000e-01
9.814962000000e+00  2.336734400000e-01
S 2 1
3.931855900000e+00  4.181877800000e-01
1.659560000000e+00  2.232547400000e-01
S 1 1
3.576297000000e-01  1.000000000000e+00
S 1 1
1.424628000000e-01  1.000000000000e+00
S 1 1
6.056060000000e-02  1.000000000000e+00
S 1 1
3.133470000000e-02  1.000000000000e+00
P 4 1
2.245387580000e+01  5.026557500000e-03
5.104505800000e+00  3.280173900000e-02
1.498608100000e+00  1.315123100000e-01
5.092783000000e-01  3.319716800000e-01
P 1 1
1.814708000000e-01  1.000000000000e+00
P 1 1
6.462190000000e-02  1.000000000000e+00
D 1 1
6.610000000000e-01  1.000000000000e+00
D 1 1
1.990000000000e-01  1.000000000000e+00
D 1 1
5.954910000000e-02  1.000000000000e+00
F 1 1
4.900000000000e-01  1.000000000000e+00
@END

@ATOMBASIS C
S 6 1
1.357534968200e+04  2.224581400000e-04
2.035233368000e+03  1.723273800000e-03
4.632256236000e+02  8.925571500000e-03
1.312001960000e+02  3.572798500000e-02
4.285301590000e+01  1.107626000000e-01
1.558418580000e+01  2.429562800000e-01
S 2 1
6.206713900000e+00  4.144026300000e-01
2.576489700000e+00  2.374496900000e-01
S 1 1
5.769634000000e-01  1.000000000000e+00
S 1 1
2.297283000000e-01  1.000000000000e+00
S 1 1
9.516440000000e-02  1.000000000000e+00
S 1 1
4.847540000000e-02  1.000000000000e+00
P 4 1
3.469723220000e+01  5.333365800000e-03
7.958262300000e+00  3.586410900000e-02
2.378082700000e+00  1.421587300000e-01
8.143321000000e-01  3.427047200000e-01
P 1 1
2.888755000000e-01  1.000000000000e+00
P 1 1
1.005682000000e-01  1.000000000000e+00
D 1 1
1.097000000000e+00  1.000000000000e+00
D 1 1
3.180000000000e-01  1.000000000000e+00
D 1 1
9.098530000000e-02  1.000000000000e+00
F 1 1
7.610000000000e-01  1.000000000000e+00
@END

@ATOMBASIS N
S 6 1
1.973080064700e+04  2.188798500000e-04
2.957895874500e+03  1.696070900000e-03
6.732213360000e+02  8.795460400000e-03
1.906824949000e+02  3.535938300000e-02
6.229544190000e+01  1.109578900000e-01
2.265416120000e+01  2.498297300000e-01
S 2 1
8.979147700000e+00  4.062389600000e-01
3.686300200000e+00  2.433821700000e-01
S 1 1
8.466008000000e-01  1.000000000000e+00
S 1 1
3.364713000000e-01  1.000000000000e+00
S 1 1
1.364765000000e-01  1.000000000000e+00
S 1 1
6.844160000000e-02  1.000000000000e+00
P 4 1
4.920038050000e+01  5.555241700000e-03
1.134679050000e+01  3.805238000000e-02
3.427397200000e+00  1.495367100000e-01
1.178552500000e+00  3.494930500000e-01
P 1 1
4.164220000000e-01  1.000000000000e+00
P 1 1
1.426083000000e-01  1.000000000000e+00
D 1 1
1.654000000000e+00  1.000000000000e+00
D 1 1
4.690000000000e-01  1.000000000000e+00
D 1 1
1.282964000000e-01  1.000000000000e+00
F 1 1
1.093000000000e+00  1.000000000000e+00
@END

@ATOMBASIS O
S 6 1
2.703238263100e+04  2.172630200000e-04
4.052387139200e+03  1.683866200000e-03
9.223272271000e+02  8.739561600000e-03
2.612407099000e+02  3.523996900000e-02
8.535464140000e+01  1.115351900000e-01
3.103503520000e+01  2.558895400000e-01
S 2 1
1.226086070000e+01  3.976873100000e-01
4.998707600000e+00  2.462784900000e-01
S 1 1
1.170310800000e+00  1.000000000000e+00
S 1 1
4.647474000000e-01  1.000000000000e+00
S 1 1
1.850454000000e-01  1.000000000000e+00
S 1 1
7.028800000000e-02  1.000000000000e+00
P 4 1
6.327495480000e+01  6.068510300000e-03
1.462704940000e+01  4.191257600000e-02
4.450122300000e+00  1.615384100000e-01
1.527580000000e+00  3.570695100000e-01
P 1 1
5.293512000000e-01  1.000000000000e+00
P 1 1
1.747842000000e-01  1.000000000000e+00
P 1 1
5.111270000000e-02  1.000000000000e+00
D 1 1
2.314000000000e+00  1.000000000000e+00
D 1 1
6.450000000000e-01  1.000000000000e+00
D 1 1
1.469648000000e-01  1.000000000000e+00
F 1 1
1.428000000000e+00  1.000000000000e+00
@END

@ATOMBASIS F
S 6 1
3.547910044100e+04  2.154501500000e-04
5.318472898300e+03  1.670068700000e-03
1.210481097500e+03  8.673321100000e-03
3.428551814000e+02  3.504993300000e-02
1.120194318000e+02  1.116532000000e-01
4.071474020000e+01  2.598850700000e-01
S 2 1
1.603967810000e+01  3.942296700000e-01
6.503818700000e+00  2.499823900000e-01
S 1 1
1.544047800000e+00  1.000000000000e+00
S 1 1
6.122345000000e-01  1.000000000000e+00
S 1 1
2.402798000000e-01  1.000000000000e+00
S 1 1
9.091840000000e-02  1.000000000000e+00
P 4 1
8.023390050000e+01  6.368599900000e-03
1.859401070000e+01  4.430314400000e-02
5.686790300000e+00  1.686724900000e-01
1.951100600000e+00  3.616634600000e-01
P 1 1
6.697021000000e-01  1.000000000000e+00
P 1 1
2.165130000000e-01  1.000000000000e+00
P 1 1
5.961330000000e-02  1.000000000000e+00
D 1 1
3.107000000000e+00  1.000000000000e+00
D 1 1
8.550000000000e-01  1.000000000000e+00
D 1 1
1.860839000000e-01  1.000000000000e+00
F 1 1
1.917000000000e+00  1.000000000000e+00
@END

@ATOMBASIS NE
S 6 1
4.506946402200e+04  2.168715500000e-04
6.755976865600e+03  1.681273700000e-03
1.537650286400e+03  8.735606300000e-03
4.355169767000e+02  3.536126700000e-02
1.422865564000e+02  1.132152100000e-01
5.169215380000e+01  2.665465300000e-01
S 2 1
2.031587050000e+01  3.963196000000e-01
8.202194300000e+00  2.558281100000e-01
S 1 1
1.968127600000e+00  1.000000000000e+00
S 1 1
7.790476000000e-01  1.000000000000e+00
S 1 1
3.022950000000e-01  1.000000000000e+00
S 1 1
1.124653000000e-01  1.000000000000e+00
P 4 1
9.978299600000e+01  6.556923400000e-03
2.317612410000e+01  4.588800900000e-02
7.116394600000e+00  1.733128800000e-01
2.441871100000e+00  3.647526800000e-01
P 1 1
8.338961000000e-01  1.000000000000e+00
P 1 1
2.660731000000e-01  1.000000000000e+00
P 1 1
7.106760000000e-02  1.000000000000e+00
D 1 1
4.014000000000e+00  1.000000000000e+00
D 1 1
1.096000000000e+00  1.000000000000e+00
D 1 1
2.304481000000e-01  1.000000000000e+00
F 1 1
2.544000000000e+00  1.000000000000e+00
@END

@ATOMBASIS NA
S 7 1
2.604110992700e+04  6.180634300000e-04
3.906126854800e+03  4.774860400000e-03
8.889745499000e+02  2.447168500000e-02
2.514549796000e+02  9.475539500000e-02
8.165014350000e+01  2.686749700000e-01
2.890415840000e+01  4.792547500000e-01
1.062578290000e+01  3.324859100000e-01
S 3 1
5.376941020000e+01  1.952773200000e-02
1.630824300000e+01  9.264801100000e-02
2.373038400000e+00 -3.993867000000e-01
S 2 1
9.573077000000e-01  1.642859500000e+00
4.080646000000e-01  5.569259700000e-01
S 1 1
4.996760000000e-02  1.000000000000e+00
S 1 1
1.926860000000e-02  1.000000000000e+00
P 5 1
1.380797999000e+02  5.795189200000e-03
3.223270040000e+01  4.162084600000e-02
9.981607500000e+00  1.628191700000e-01
3.482203400000e+00  3.601178500000e-01
1.229913500000e+00  4.485898000000e-01
P 1 1
4.174396000000e-01  1.000000000000e+00
P 1 1
3.000000000000e-02  1.000000000000e+00
P 1 1
9.100000000000e-02  1.000000000000e+00
P 1 1
1.108280000000e-02  1.000000000000e+00
D 1 1
2.609000000000e+00  1.000000000000e+00
D 1 1
4.300000000000e-01  1.000000000000e+00
D 1 1
1.000000000000e-01  1.000000000000e+00
@END

@ATOMBASIS MG
S 7 1
3.143834955500e+04  6.091231100000e-04
4.715515335400e+03  4.706619600000e-03
1.073162924700e+03  2.413582100000e-02
3.035723877000e+02  9.362896000000e-02
9.862625100000e+01  2.664674200000e-01
3.494380840000e+01  4.789093000000e-01
1.285978520000e+01  3.369849000000e-01
S 3 1
6.487691300000e+01  1.918088900000e-02
1.972552080000e+01  9.091370400000e-02
2.895180400000e+00 -3.956375600000e-01
S 2 1
1.196045500000e+00  1.682760300000e+00
5.432945000000e-01  5.214109200000e-01
S 1 1
1.009910000000e-01  1.000000000000e+00
S 1 1
3.686570000000e-02  1.000000000000e+00
P 5 1
1.798718961000e+02  5.379954900000e-03
4.212006940000e+01  3.931801400000e-02
1.312050300000e+01  1.574012900000e-01
4.625750400000e+00  3.591909400000e-01
1.669521100000e+00  4.553337900000e-01
P 1 1
5.855101000000e-01  1.000000000000e+00
P 1 1
1.891480000000e-01  1.000000000000e+00
P 1 1
5.376880000000e-02  1.000000000000e+00
P 1 1
2.457700000000e-02  1.000000000000e+00
D 1 1
3.444000000000e+00  1.000000000000e+00
D 1 1
2.900000000000e-01  1.000000000000e+00
D 1 1
7.000000000000e-02  1.000000000000e+00
@END

@ATOMBASIS AL
S 7 1
3.779255077200e+04  5.704788900000e-04
5.668068216500e+03  4.409301700000e-03
1.289858284100e+03  2.263096700000e-02
3.648659603000e+02  8.802564400000e-02
1.185763151000e+02  2.522370200000e-01
4.202486760000e+01  4.596054700000e-01
1.549950160000e+01  3.327788600000e-01
S 3 1
7.520802660000e+01  1.925056000000e-02
2.303140900000e+01  8.790674400000e-02
3.634879800000e+00 -3.424670500000e-01
S 2 1
1.606505000000e+00  1.510626600000e+00
7.610339000000e-01  5.807101600000e-01
S 1 1
1.655671000000e-01  1.000000000000e+00
S 1 1
6.004160000000e-02  1.000000000000e+00
S 1 1
2.853670000000e-02  1.000000000000e+00
P 5 1
4.525230319000e+02  2.311081200000e-03
1.070819505000e+02  1.856864200000e-02
3.413102130000e+01  8.721623700000e-02
1.258703740000e+01  2.690210200000e-01
4.981192000000e+00  5.212832400000e-01
P 1 1
2.007035100000e+00  1.000000000000e+00
P 1 1
8.008371000000e-01  1.000000000000e+00
P 1 1
2.017893000000e-01  1.000000000000e+00
P 1 1
5.789560000000e-02  1.000000000000e+00
D 1 1
1.570000000000e+00  1.000000000000e+00
D 1 1
3.330000000000e-01  1.000000000000e+00
D 1 1
1.110000000000e-01  1.000000000000e+00
D 1 1
4.106870000000e-02  1.000000000000e+00
F 1 1
2.440000000000e-01  1.000000000000e+00
@END

@ATOMBASIS SI
S 7 1
4.477335807800e+04  5.591476600000e-04
6.717199210400e+03  4.320604000000e-03
1.528896032500e+03  2.218709600000e-02
4.325474658000e+02  8.648924900000e-02
1.406150523000e+02  2.493989000000e-01
4.985763670000e+01  4.601719700000e-01
1.843497490000e+01  3.425023700000e-01
S 3 1
8.653388610000e+01  2.130006300000e-02
2.662460680000e+01  9.467613900000e-02
4.495305700000e+00 -3.261626500000e-01
S 2 1
2.103504600000e+00  1.398080400000e+00
1.010609500000e+00  6.386578700000e-01
S 1 1
2.370175000000e-01  1.000000000000e+00
S 1 1
8.570340000000e-02  1.000000000000e+00
S 1 1
3.700080000000e-02  1.000000000000e+00
P 5 1
3.944750363000e+02  2.628569400000e-03
9.313768310000e+01  2.055625800000e-02
2.951960870000e+01  9.207026300000e-02
1.078166380000e+01  2.556589000000e-01
4.162657500000e+00  4.211170700000e-01
P 1 1
1.624797300000e+00  1.000000000000e+00
P 1 1
5.430666000000e-01  1.000000000000e+00
P 1 1
2.058207000000e-01  1.000000000000e+00
P 1 1
7.005350000000e-02  1.000000000000e+00
D 1 1
2.303000000000e+00  1.000000000000e+00
D 1 1
4.760000000000e-01  1.000000000000e+00
D 1 1
1.600000000000e-01  1.000000000000e+00
D 1 1
5.503610000000e-02  1.000000000000e+00
F 1 1
3.360000000000e-01  1.000000000000e+00
@END

@ATOMBASIS P
S 7 1
5.242699923300e+04  5.520716400000e-04
7.863266055200e+03  4.267859500000e-03
1.789522733300e+03  2.193152900000e-02
5.062730017000e+02  8.566716800000e-02
1.646069855000e+02  2.484068700000e-01
5.839191870000e+01  4.633675400000e-01
2.164366320000e+01  3.535055800000e-01
S 3 1
9.901383760000e+01  2.189568000000e-02
3.055043980000e+01  9.565047000000e-02
5.453708800000e+00 -2.945427000000e-01
S 2 1
2.650336300000e+00  1.329438100000e+00
1.272668900000e+00  6.610939600000e-01
S 1 1
3.164501000000e-01  1.000000000000e+00
S 1 1
1.141747000000e-01  1.000000000000e+00
S 1 1
4.883130000000e-02  1.000000000000e+00
P 5 1
4.722721925000e+02  2.571062300000e-03
1.115888276000e+02  2.025029800000e-02
3.544593640000e+01  9.158071700000e-02
1.299077690000e+01  2.574945400000e-01
5.048622200000e+00  4.286290000000e-01
P 1 1
1.993405000000e+00  1.000000000000e+00
P 1 1
6.652728000000e-01  1.000000000000e+00
P 1 1
2.551683000000e-01  1.000000000000e+00
P 1 1
9.035780000000e-02  1.000000000000e+00
D 1 1
3.120000000000e+00  1.000000000000e+00
D 1 1
6.480000000000e-01  1.000000000000e+00
D 1 1
2.180000000000e-01  1.000000000000e+00
D 1 1
7.356950000000e-02  1.000000000000e+00
F 1 1
4.520000000000e-01  1.000000000000e+00
@END

@ATOMBASIS S
S 7 1
6.070092810400e+04  5.469594400000e-04
9.102610685400e+03  4.229722500000e-03
2.071416600900e+03  2.174782400000e-02
5.860247682000e+02  8.510005400000e-02
1.905539502000e+02  2.479912800000e-01
6.763038430000e+01  4.670364000000e-01
2.512730690000e+01  3.643458800000e-01
S 3 1
1.125746301000e+02  2.167004000000e-02
3.479555420000e+01  9.360230200000e-02
6.511555600000e+00 -2.606800100000e-01
S 2 1
3.239903200000e+00  1.284208900000e+00
1.547716100000e+00  6.603641700000e-01
S 1 1
4.054103000000e-01  1.000000000000e+00
S 1 1
1.455065000000e-01  1.000000000000e+00
S 1 1
5.017880000000e-02  1.000000000000e+00
P 5 1
5.643671603000e+02  2.479679600000e-03
1.334262438000e+02  1.967793000000e-02
4.246827120000e+01  8.998000800000e-02
1.561652760000e+01  2.570588100000e-01
6.109398800000e+00  4.351516700000e-01
P 1 1
2.440416000000e+00  1.000000000000e+00
P 1 1
8.388220000000e-01  1.000000000000e+00
P 1 1
3.128875000000e-01  1.000000000000e+00
P 1 1
1.077011000000e-01  1.000000000000e+00
P 1 1
3.035980000000e-02  1.000000000000e+00
D 1 1
3.756000000000e+00  1.000000000000e+00
D 1 1
8.120000000000e-01  1.000000000000e+00
D 1 1
2.730000000000e-01  1.000000000000e+00
D 1 1
8.154700000000e-02  1.000000000000e+00
F 1 1
5.570000000000e-01  1.000000000000e+00
@END

@ATOMBASIS CL
S 7 1
6.950799094500e+04  5.431489700000e-04
1.042615688000e+04  4.199046400000e-03
2.373233406100e+03  2.159214200000e-02
6.715642007000e+02  8.459885000000e-02
2.184199979000e+02  2.475725000000e-01
7.757224970000e+01  4.701693000000e-01
2.888881530000e+01  3.743637100000e-01
S 3 1
1.271052718000e+02  2.518216700000e-02
3.933958300000e+01  1.078611200000e-01
7.674068000000e+00 -2.740882200000e-01
S 2 1
3.874562800000e+00  1.321387500000e+00
1.838583300000e+00  6.863695500000e-01
S 1 1
5.022906000000e-01  1.000000000000e+00
S 1 1
1.796272000000e-01  1.000000000000e+00
S 1 1
6.113310000000e-02  1.000000000000e+00
P 5 1
6.665042328000e+02  2.363266400000e-03
1.576424169000e+02  1.887930000000e-02
5.026252100000e+01  8.720634100000e-02
1.853607810000e+01  2.528561300000e-01
7.294053300000e+00  4.350715500000e-01
P 1 1
2.943324900000e+00  1.000000000000e+00
P 1 1
1.040497100000e+00  1.000000000000e+00
P 1 1
3.845642000000e-01  1.000000000000e+00
P 1 1
1.306964000000e-01  1.000000000000e+00
P 1 1
3.538160000000e-02  1.000000000000e+00
D 1 1
4.610000000000e+00  1.000000000000e+00
D 1 1
1.011000000000e+00  1.000000000000e+00
D 1 1
3.390000000000e-01  1.000000000000e+00
D 1 1
9.960140000000e-02  1.000000000000e+00
F 1 1
7.060000000000e-01  1.000000000000e+00
@END

@ATOMBASIS AR
S 7 1
7.911142299800e+04  5.102932500000e-04
1.186474600900e+04  3.946303700000e-03
2.700164297300e+03  2.030707400000e-02
7.639594348000e+02  7.969182500000e-02
2.484515056000e+02  2.342062400000e-01
8.828358100000e+01  4.483384900000e-01
3.294860710000e+01  3.640816700000e-01
S 3 1
1.425535800000e+02  2.638740700000e-02
4.416368800000e+01  1.122643400000e-01
8.952499500000e+00 -2.617892200000e-01
S 2 1
4.554692100000e+00  1.300248500000e+00
2.144407900000e+00  6.719723700000e-01
S 1 1
6.070878000000e-01  1.000000000000e+00
S 1 1
2.165143000000e-01  1.000000000000e+00
S 1 1
7.373220000000e-02  1.000000000000e+00
P 5 1
7.767754200000e+02  2.202800500000e-03
1.838010702000e+02  1.769418000000e-02
5.869400320000e+01  8.243129400000e-02
2.170159170000e+01  2.420727900000e-01
8.582149000000e+00  4.226355800000e-01
P 1 1
3.492267900000e+00  1.000000000000e+00
P 1 1
1.263742700000e+00  1.000000000000e+00
P 1 1
4.660787000000e-01  1.000000000000e+00
P 1 1
1.576600000000e-01  1.000000000000e+00
P 1 1
4.177910000000e-02  1.000000000000e+00
D 1 1
5.551000000000e+00  1.000000000000e+00
D 1 1
1.235000000000e+00  1.000000000000e+00
D 1 1
4.120000000000e-01  1.000000000000e+00
D 1 1
1.203931000000e-01  1.000000000000e+00
F 1 1
8.900000000000e-01  1.000000000000e+00
@END

@ATOMBASIS K
S 8 1
1.539761832500e+05  2.366263600000e-04
2.308249767200e+04  1.834292900000e-03
5.253234474500e+03  9.531052800000e-03
1.486955013300e+03  3.863840700000e-02
4.840633373000e+02  1.248076900000e-01
1.735665398000e+02  2.927886100000e-01
6.711638150000e+01  4.063342600000e-01
2.633950210000e+01  2.007721600000e-01
S 4 1
1.728769357000e+02 -2.420096100000e-02
5.305864910000e+01 -1.155309500000e-01
7.921275400000e+00  5.745554500000e-01
3.210888000000e+00  5.702318500000e-01
S 2 1
4.566207100000e+00 -2.261576300000e-01
7.020991000000e-01  7.552839200000e-01
S 1 1
2.825894000000e-01  1.000000000000e+00
S 1 1
3.580580000000e-02  1.000000000000e+00
S 1 1
1.581920000000e-02  1.000000000000e+00
P 6 1
7.281844987000e+02  2.615069000000e-03
1.721326506000e+02  2.067363100000e-02
5.482984710000e+01  9.320560400000e-02
2.016626650000e+01  2.543651800000e-01
7.861072900000e+00  3.913113300000e-01
3.110521300000e+00  2.248134600000e-01
P 3 1
1.175733750000e+01 -2.577728900000e-02
1.513961700000e+00  5.735942900000e-01
5.832859000000e-01  1.079832000000e+00
P 1 1
2.157048000000e-01  1.000000000000e+00
P 1 1
4.173700000000e-02  1.000000000000e+00
P 1 1
1.520800000000e-02  1.000000000000e+00
D 1 1
9.300000000000e-01  1.000000000000e+00
D 1 1
1.800000000000e-01  1.000000000000e+00
D 1 1
5.400000000000e-02  1.000000000000e+00
@END

@ATOMBASIS CA
S 8 1
1.725173268500e+05  2.331750300000e-04
2.586151927500e+04  1.807652200000e-03
5.885661866800e+03  9.394384400000e-03
1.665973003100e+03  3.810840900000e-02
5.423671815000e+02  1.233120400000e-01
1.945780349000e+02  2.900447100000e-01
7.530359760000e+01  4.058715100000e-01
2.957406260000e+01  2.039841100000e-01
S 4 1
1.912007466000e+02 -2.441976000000e-02
5.884029990000e+01 -1.154702700000e-01
8.964254100000e+00  5.635663700000e-01
3.685696100000e+00  5.670968300000e-01
S 2 1
5.246429000000e+00 -2.282533400000e-01
8.486262000000e-01  7.262521900000e-01
S 1 1
3.674330000000e-01  1.000000000000e+00
S 1 1
6.682160000000e-02  1.000000000000e+00
S 1 1
2.675970000000e-02  1.000000000000e+00
P 6 1
8.369726206000e+02  2.525834600000e-03
1.979304014000e+02  2.007650700000e-02
6.313555810000e+01  9.130298700000e-02
2.328268720000e+01  2.524703000000e-01
9.117644500000e+00  3.942632600000e-01
3.633612000000e+00  2.301155900000e-01
P 3 1
1.349416310000e+01 -2.649502200000e-02
1.813926000000e+00  5.508810800000e-01
7.198183000000e-01  1.028061700000e+00
P 1 1
2.762958000000e-01  1.000000000000e+00
P 1 1
7.497900000000e-02  1.000000000000e+00
P 1 1
2.692700000000e-02  1.000000000000e+00
D 2 1
5.497909400000e+00  7.377001100000e-02
1.317712800000e+00  2.605285300000e-01
D 1 1
3.218868000000e-01  1.000000000000e+00
D 1 1
7.052860000000e-02  1.000000000000e+00
@END

@ATOMBASIS SC
S 8 1
1.916129187400e+05  2.307647600000e-04
2.872385036300e+04  1.789033000000e-03
6.537011649000e+03  9.299040100000e-03
1.850309717100e+03  3.773943800000e-02
6.023885516000e+02  1.222714800000e-01
2.161732477000e+02  2.881482100000e-01
8.371251790000e+01  4.051754300000e-01
3.290870720000e+01  2.056602000000e-01
S 4 1
2.113439323000e+02 -2.452799100000e-02
6.512892010000e+01 -1.157015800000e-01
1.003431150000e+01  5.599528300000e-01
4.159688500000e+00  5.608776500000e-01
S 2 1
6.000904200000e+00 -2.284049400000e-01
9.825578000000e-01  7.194897000000e-01
S 1 1
4.248319000000e-01  1.000000000000e+00
S 1 1
7.718550000000e-02  1.000000000000e+00
S 1 1
3.014720000000e-02  1.000000000000e+00
P 6 1
9.473412282000e+02  2.473720900000e-03
2.240969973000e+02  1.974296700000e-02
7.156033490000e+01  9.035714800000e-02
2.644482450000e+01  2.520160300000e-01
1.039379830000e+01  3.967553600000e-01
4.160630500000e+00  2.320862500000e-01
P 3 1
1.556573710000e+01 -2.712942400000e-02
2.112154500000e+00  5.510925700000e-01
8.418471000000e-01  1.009063600000e+00
P 1 1
3.229754000000e-01  1.000000000000e+00
P 1 1
1.239000000000e-01  1.000000000000e+00
P 1 1
4.753000000000e-02  1.000000000000e+00
P 1 1
2.245260000000e-02  1.000000000000e+00
D 4 1
3.098939100000e+01  1.190283700000e-02
8.690546500000e+00  6.765585700000e-02
2.952025600000e+00  2.133254000000e-01
1.076191100000e+00  3.839107600000e-01
D 1 1
3.833892000000e-01  1.000000000000e+00
D 1 1
1.253469000000e-01  1.000000000000e+00
D 1 1
4.100000000000e-02  1.000000000000e+00
F 1 1
4.420000000000e-01  1.000000000000e+00
F 1 1
1.100000000000e-01  1.000000000000e+00
G 1 1
2.470000000000e-01  1.000000000000e+00
@END

@ATOMBASIS TI
S 8 1
2.115756902500e+05  2.331815100000e-04
3.171494505800e+04  1.807969100000e-03
7.217547654300e+03  9.398431100000e-03
2.042939424700e+03  3.815685400000e-02
6.651289621000e+02  1.237475700000e-01
2.387494226000e+02  2.920855100000e-01
9.250869100000e+01  4.122680100000e-01
3.640391920000e+01  2.109053400000e-01
S 4 1
2.327262461000e+02 -2.492014100000e-02
7.179120970000e+01 -1.174649000000e-01
1.115853460000e+01  5.650334200000e-01
4.654813500000e+00  5.621110200000e-01
S 2 1
6.803462900000e+00 -2.301142600000e-01
1.120107600000e+00  7.210318700000e-01
S 1 1
4.808012000000e-01  1.000000000000e+00
S 1 1
8.515730000000e-02  1.000000000000e+00
S 1 1
3.265750000000e-02  1.000000000000e+00
P 6 1
1.063147473200e+03  2.469083900000e-03
2.515650706000e+02  1.977334600000e-02
8.040855490000e+01  9.098797700000e-02
2.976819330000e+01  2.555990000000e-01
1.173683060000e+01  4.048938700000e-01
4.714237500000e+00  2.369340300000e-01
P 3 1
1.779680370000e+01 -2.787864000000e-02
2.427269900000e+00  5.567291500000e-01
9.682345000000e-01  1.005544700000e+00
P 1 1
3.705669000000e-01  1.000000000000e+00
P 1 1
1.418000000000e-01  1.000000000000e+00
P 1 1
5.427000000000e-02  1.000000000000e+00
P 1 1
2.279650000000e-02  1.000000000000e+00
D 4 1
3.771338470000e+01  1.151383500000e-02
1.069293120000e+01  6.724634400000e-02
3.672844700000e+00  2.148420800000e-01
1.358859000000e+00  3.889089300000e-01
D 1 1
4.921330000000e-01  1.000000000000e+00
D 1 1
1.633052000000e-01  1.000000000000e+00
D 1 1
5.400000000000e-02  1.000000000000e+00
F 1 1
2.539000000000e-01  1.000000000000e+00
F 1 1
1.075000000000e+00  1.000000000000e+00
G 1 1
6.340000000000e-01  1.000000000000e+00
@END

@ATOMBASIS V
S 8 1
2.323406505800e+05  2.307241000000e-04
3.482884117000e+04  1.788817900000e-03
7.926544869100e+03  9.299249000000e-03
2.243773304600e+03  3.776146300000e-02
7.305932294000e+02  1.225591000000e-01
2.623221963000e+02  2.896350900000e-01
1.017040380000e+02  4.100470300000e-01
4.006478460000e+01  2.111361100000e-01
S 4 1
2.552401497000e+02 -2.445811600000e-02
7.880464700000e+01 -1.152720500000e-01
1.234059890000e+01  5.517474900000e-01
5.174201900000e+00  5.450452800000e-01
S 2 1
7.651389400000e+00 -2.296763800000e-01
1.263976000000e+00  7.168376900000e-01
S 1 1
5.386176000000e-01  1.000000000000e+00
S 1 1
9.271930000000e-02  1.000000000000e+00
S 1 1
3.499810000000e-02  1.000000000000e+00
P 6 1
1.184236915100e+03  2.444982700000e-03
2.802307519000e+02  1.964345400000e-02
8.964362710000e+01  9.079694900000e-02
3.324241130000e+01  2.565076800000e-01
1.314451450000e+01  4.081539400000e-01
5.294853400000e+00  2.386037800000e-01
P 3 1
2.017558690000e+01 -2.824148900000e-02
2.760586500000e+00  5.557463600000e-01
1.100890100000e+00  9.931991900000e-01
P 1 1
4.201331000000e-01  1.000000000000e+00
P 1 1
1.603000000000e-01  1.000000000000e+00
P 1 1
6.119000000000e-02  1.000000000000e+00
P 1 1
2.599590000000e-02  1.000000000000e+00
D 4 1
4.386113490000e+01  1.148717400000e-02
1.251602190000e+01  6.824715400000e-02
4.331385500000e+00  2.183778400000e-01
1.613885600000e+00  3.924521200000e-01
D 1 1
5.874957000000e-01  1.000000000000e+00
D 1 1
1.951572000000e-01  1.000000000000e+00
D 1 1
6.500000000000e-02  1.000000000000e+00
F 1 1
1.708000000000e+00  1.000000000000e+00
F 1 1
3.980000000000e-01  1.000000000000e+00
G 1 1
1.009000000000e+00  1.000000000000e+00
@END

@ATOMBASIS CR
S 8 1
2.544778070400e+05  2.338694600000e-04
3.813179705400e+04  1.814260200000e-03
8.675293060700e+03  9.436392600000e-03
2.455009984800e+03  3.834363900000e-02
7.991621779000e+02  1.245919500000e-01
2.869002149000e+02  2.948969600000e-01
1.112541323000e+02  4.184615000000e-01
4.386415260000e+01  2.163376300000e-01
S 4 1
2.793266917000e+02 -2.345090800000e-02
8.627473240000e+01 -1.108037000000e-01
1.355575610000e+01  5.302896600000e-01
5.697811300000e+00  5.160351700000e-01
S 2 1
8.563658300000e+00 -3.810954600000e-01
1.398829700000e+00  1.199159100000e+00
S 1 1
5.728817000000e-01  1.000000000000e+00
S 1 1
9.009620000000e-02  1.000000000000e+00
S 1 1
3.412590000000e-02  1.000000000000e+00
P 6 1
1.306439886400e+03  2.427732600000e-03
3.092531144000e+02  1.954404100000e-02
9.899627400000e+01  9.065179500000e-02
3.675691650000e+01  2.569927900000e-01
1.456665710000e+01  4.093550500000e-01
5.873993700000e+00  2.372938900000e-01
P 3 1
2.289099970000e+01 -2.816602700000e-02
3.085500200000e+00  5.603412000000e-01
1.213232900000e+00  9.811902000000e-01
P 1 1
4.493168000000e-01  1.000000000000e+00
P 1 1
1.664000000000e-01  1.000000000000e+00
P 1 1
6.163000000000e-02  1.000000000000e+00
P 1 1
2.592350000000e-02  1.000000000000e+00
D 4 1
4.372007450000e+01  1.362296400000e-02
1.239124270000e+01  7.893518000000e-02
4.263944200000e+00  2.383384000000e-01
1.552522200000e+00  3.952685100000e-01
D 1 1
5.376193000000e-01  1.000000000000e+00
D 1 1
1.649317000000e-01  1.000000000000e+00
D 1 1
5.100000000000e-02  1.000000000000e+00
F 1 1
2.341000000000e+00  1.000000000000e+00
F 1 1
5.420000000000e-01  1.000000000000e+00
G 1 1
1.382000000000e+00  1.000000000000e+00
@END

@ATOMBASIS MN
S 8 1
2.771850015300e+05  2.283838500000e-04
4.155076989000e+04  1.770765000000e-03
9.455970015200e+03  9.207721000000e-03
2.676520648200e+03  3.741597200000e-02
8.714668753000e+02  1.216486100000e-01
3.129830642000e+02  2.882439200000e-01
1.214445405000e+02  4.104160100000e-01
4.792259880000e+01  2.137237500000e-01
S 4 1
3.036672316000e+02 -2.458992600000e-02
9.388140320000e+01 -1.160260800000e-01
1.487942120000e+01  5.511206000000e-01
6.286520100000e+00  5.370756100000e-01
S 2 1
9.485859100000e+00 -2.288926300000e-01
1.569870600000e+00  7.119617000000e-01
S 1 1
6.590321000000e-01  1.000000000000e+00
S 1 1
1.068629000000e-01  1.000000000000e+00
S 1 1
3.926740000000e-02  1.000000000000e+00
P 6 1
1.444797818200e+03  2.399413600000e-03
3.420655120000e+02  1.936928700000e-02
1.095840089000e+02  9.023610900000e-02
4.074798820000e+01  2.574546800000e-01
1.618862660000e+01  4.127235200000e-01
6.548450600000e+00  2.408770000000e-01
P 3 1
2.535708640000e+01 -2.870717400000e-02
3.483016900000e+00  5.520810100000e-01
1.385880100000e+00  9.722690100000e-01
P 1 1
5.255509000000e-01  1.000000000000e+00
P 1 1
1.993000000000e-01  1.000000000000e+00
P 1 1
7.557000000000e-02  1.000000000000e+00
P 1 1
3.024010000000e-02  1.000000000000e+00
D 4 1
5.656318910000e+01  1.154324500000e-02
1.627873470000e+01  7.029984600000e-02
5.696427400000e+00  2.245077100000e-01
2.141114800000e+00  3.970306500000e-01
D 1 1
7.829180000000e-01  1.000000000000e+00
D 1 1
2.595231000000e-01  1.000000000000e+00
D 1 1
8.600000000000e-02  1.000000000000e+00
F 1 1
2.975000000000e+00  1.000000000000e+00
F 1 1
7.200000000000e-01  1.000000000000e+00
G 1 1
1.755000000000e+00  1.000000000000e+00
@END

@ATOMBASIS FE
S 8 1
3.007848463700e+05  2.280627300000e-04
4.508897055700e+04  1.768178900000e-03
1.026251631700e+04  9.192708300000e-03
2.905289729300e+03  3.735549600000e-02
9.461148714000e+02  1.215110800000e-01
3.398783289000e+02  2.881888100000e-01
1.319442559000e+02  4.112661300000e-01
5.211149410000e+01  2.151858400000e-01
S 4 1
3.294883927000e+02 -2.474521600000e-02
1.019233274000e+02 -1.168308900000e-01
1.624046270000e+01  5.529362100000e-01
6.884067600000e+00  5.360164000000e-01
S 2 1
1.047069380000e+01 -2.291270900000e-01
1.736004000000e+00  7.115932000000e-01
S 1 1
7.257729000000e-01  1.000000000000e+00
S 1 1
1.159553000000e-01  1.000000000000e+00
S 1 1
4.196820000000e-02  1.000000000000e+00
P 6 1
1.585395997000e+03  2.379396000000e-03
3.753800650000e+02  1.925315500000e-02
1.203181650000e+02  9.002183700000e-02
4.478874900000e+01  2.579817200000e-01
1.782927860000e+01  4.149265000000e-01
7.224715400000e+00  2.420747500000e-01
P 3 1
2.814321980000e+01 -2.904175500000e-02
3.874324100000e+00  5.531226000000e-01
1.541075200000e+00  9.677113700000e-01
P 1 1
5.828562000000e-01  1.000000000000e+00
P 1 1
2.204000000000e-01  1.000000000000e+00
P 1 1
8.338000000000e-02  1.000000000000e+00
P 1 1
3.265920000000e-02  1.000000000000e+00
D 4 1
6.199667500000e+01  1.197197200000e-02
1.787373260000e+01  7.321013500000e-02
6.274478300000e+00  2.310309400000e-01
2.355233700000e+00  3.991070600000e-01
D 1 1
8.543224000000e-01  1.000000000000e+00
D 1 1
2.786925000000e-01  1.000000000000e+00
D 1 1
9.100000000000e-02  1.000000000000e+00
F 1 1
3.465000000000e+00  1.000000000000e+00
F 1 1
8.430000000000e-01  1.000000000000e+00
G 1 1
2.128000000000e+00  1.000000000000e+00
@END

@ATOMBASIS CO
S 8 1
3.258170155300e+05  2.256846200000e-04
4.883963645300e+04  1.749939800000e-03
1.111493730700e+04  9.100313400000e-03
3.146160364200e+03  3.699625700000e-02
1.024437846500e+03  1.204427000000e-01
3.680250882000e+02  2.859873200000e-01
1.429122920000e+02  4.090831200000e-01
5.648264920000e+01  2.150014600000e-01
S 4 1
3.564029832000e+02 -2.476706000000e-02
1.103116522000e+02 -1.170213900000e-01
1.765963480000e+01  5.521552200000e-01
7.505903000000e+00  5.324687700000e-01
S 2 1
1.150180720000e+01 -2.294247000000e-01
1.908199500000e+00  7.118093400000e-01
S 1 1
7.939670000000e-01  1.000000000000e+00
S 1 1
1.244445000000e-01  1.000000000000e+00
S 1 1
4.444460000000e-02  1.000000000000e+00
P 6 1
1.731136914400e+03  2.390576800000e-03
4.099175044000e+02  1.938300000000e-02
1.314564858000e+02  9.090544900000e-02
4.898743970000e+01  2.614668200000e-01
1.953707900000e+01  4.215726500000e-01
7.928728200000e+00  2.457181400000e-01
P 3 1
3.107601760000e+01 -2.943807000000e-02
4.283518100000e+00  5.561556800000e-01
1.702292200000e+00  9.677219500000e-01
P 1 1
6.420291000000e-01  1.000000000000e+00
P 1 1
2.421000000000e-01  1.000000000000e+00
P 1 1
9.132000000000e-02  1.000000000000e+00
P 1 1
3.481110000000e-02  1.000000000000e+00
D 4 1
6.814074520000e+01  1.198384500000e-02
1.968524100000e+01  7.368854000000e-02
6.932212900000e+00  2.308549700000e-01
2.602512600000e+00  3.928105900000e-01
D 1 1
9.401684000000e-01  1.000000000000e+00
D 1 1
3.038146000000e-01  1.000000000000e+00
D 1 1
9.800000000000e-02  1.000000000000e+00
F 1 1
3.955000000000e+00  1.000000000000e+00
F 1 1
9.650000000000e-01  1.000000000000e+00
G 1 1
2.500000000000e+00  1.000000000000e+00
@END

@ATOMBASIS NI
S 8 1
3.515357293500e+05  2.252938700000e-04
5.269580928300e+04  1.746861600000e-03
1.199246829300e+04  9.084999200000e-03
3.394577668900e+03  3.694074800000e-02
1.105359458500e+03  1.203282000000e-01
3.971467777000e+02  2.859671500000e-01
1.542754297000e+02  4.098302000000e-01
6.101872380000e+01  2.162064300000e-01
S 4 1
3.844555974000e+02 -2.465127900000e-02
1.190487920000e+02 -1.165850500000e-01
1.913701220000e+01  5.486412700000e-01
8.152671900000e+00  5.264005100000e-01
S 2 1
1.257940860000e+01 -2.279788400000e-01
2.087086600000e+00  7.070373800000e-01
S 1 1
8.643257000000e-01  1.000000000000e+00
S 1 1
1.328317000000e-01  1.000000000000e+00
S 1 1
4.684530000000e-02  1.000000000000e+00
P 6 1
1.883090748600e+03  2.374825800000e-03
4.459515532000e+02  1.928945700000e-02
1.430843081000e+02  9.071821200000e-02
5.337292070000e+01  2.618141400000e-01
2.132191940000e+01  4.230915000000e-01
8.664356200000e+00  2.464168600000e-01
P 3 1
3.414425520000e+01 -2.967712900000e-02
4.712245600000e+00  5.561682400000e-01
1.870923200000e+00  9.635776600000e-01
P 1 1
7.037002000000e-01  1.000000000000e+00
P 1 1
2.646000000000e-01  1.000000000000e+00
P 1 1
9.955000000000e-02  1.000000000000e+00
P 1 1
3.688730000000e-02  1.000000000000e+00
D 4 1
7.459160350000e+01  1.207745500000e-02
2.159063280000e+01  7.463726200000e-02
7.624614300000e+00  2.323677600000e-01
2.863220700000e+00  3.904265200000e-01
D 1 1
1.031106300000e+00  1.000000000000e+00
D 1 1
3.306076000000e-01  1.000000000000e+00
D 1 1
1.060000000000e-01  1.000000000000e+00
F 1 1
4.446000000000e+00  1.000000000000e+00
F 1 1
1.087000000000e+00  1.000000000000e+00
G 1 1
2.872000000000e+00  1.000000000000e+00
@END

@ATOMBASIS CU
S 8 1
3.775187992300e+05  2.281176600000e-04
5.658998431100e+04  1.768803600000e-03
1.287871170600e+04  9.199346000000e-03
3.645375214300e+03  3.741101600000e-02
1.187007294500e+03  1.218987400000e-01
4.264642190000e+02  2.898390100000e-01
1.657066016000e+02  4.153187200000e-01
6.559894270000e+01  2.190579900000e-01
S 4 1
4.144126581000e+02 -2.468252500000e-02
1.283205604000e+02 -1.171682700000e-01
2.062208980000e+01  5.530131600000e-01
8.782122600000e+00  5.224271900000e-01
S 2 1
1.374137200000e+01 -2.273606200000e-01
2.243124700000e+00  7.176121100000e-01
S 1 1
8.937055000000e-01  1.000000000000e+00
S 1 1
1.083670000000e-01  1.000000000000e+00
S 1 1
3.880620000000e-02  1.000000000000e+00
P 6 1
2.034759669200e+03  2.352482200000e-03
4.819046811000e+02  1.913407100000e-02
1.546748296000e+02  9.017110500000e-02
5.774057700000e+01  2.606328500000e-01
2.309905280000e+01  4.209348600000e-01
9.388247900000e+00  2.434461500000e-01
P 3 1
3.759617120000e+01 -2.899109500000e-02
5.124069100000e+00  5.491908400000e-01
2.011999600000e+00  9.379333000000e-01
P 1 1
7.386069000000e-01  1.000000000000e+00
P 1 1
2.711000000000e-01  1.000000000000e+00
P 1 1
9.954000000000e-02  1.000000000000e+00
P 1 1
3.401600000000e-02  1.000000000000e+00
D 4 1
7.412946060000e+01  1.436321700000e-02
2.135984260000e+01  8.662817700000e-02
7.499524100000e+00  2.563143100000e-01
2.760139400000e+00  4.037406200000e-01
D 1 1
9.536206000000e-01  1.000000000000e+00
D 1 1
2.842086000000e-01  1.000000000000e+00
D 1 1
8.500000000000e-02  1.000000000000e+00
F 1 1
1.209000000000e+00  1.000000000000e+00
F 1 1
4.936000000000e+00  1.000000000000e+00
G 1 1
3.245000000000e+00  1.000000000000e+00
@END

@ATOMBASIS ZN
S 8 1
4.059243102800e+05  2.244201700000e-04
6.084695573500e+04  1.740208700000e-03
1.384734309200e+04  9.051334000000e-03
3.919615855100e+03  3.681734100000e-02
1.276359416700e+03  1.200485000000e-01
4.586725444000e+02  2.857605800000e-01
1.782872525000e+02  4.108746200000e-01
7.061219280000e+01  2.181696200000e-01
S 4 1
4.438807795000e+02 -2.493427500000e-02
1.375587527000e+02 -1.181795600000e-01
2.226808350000e+01  5.536731800000e-01
9.521731100000e+00  5.262893500000e-01
S 2 1
1.487411410000e+01 -2.292995500000e-01
2.464751800000e+00  7.113548500000e-01
S 1 1
1.011327200000e+00  1.000000000000e+00
S 1 1
1.491985000000e-01  1.000000000000e+00
S 1 1
5.144190000000e-02  1.000000000000e+00
P 6 1
2.205350853400e+03  2.335624000000e-03
5.223530070000e+02  1.903102300000e-02
1.677305554000e+02  8.995575900000e-02
6.267004540000e+01  2.611324900000e-01
2.510974950000e+01  4.234844800000e-01
1.022514270000e+01  2.461892700000e-01
P 3 1
4.071344250000e+01 -3.002966800000e-02
5.624709100000e+00  5.557525500000e-01
2.227994900000e+00  9.558101300000e-01
P 1 1
8.335474000000e-01  1.000000000000e+00
P 1 1
1.624550000000e-01  1.000000000000e+00
P 1 1
4.776900000000e-02  1.000000000000e+00
P 1 1
2.123480000000e-02  1.000000000000e+00
D 4 1
8.855431530000e+01  1.272817000000e-02
2.572152560000e+01  7.939450000000e-02
9.127836800000e+00  2.449150700000e-01
3.431236400000e+00  4.039052600000e-01
D 1 1
1.230892100000e+00  1.000000000000e+00
D 1 1
3.903185000000e-01  1.000000000000e+00
D 1 1
1.240000000000e-01  1.000000000000e+00
F 1 1
1.433000000000e+00  1.000000000000e+00
F 1 1
5.694000000000e+00  1.000000000000e+00
G 1 1
3.617000000000e+00  1.000000000000e+00
@END

@ATOMBASIS GA
S 8 1
4.355486625400e+05  2.364633000000e-04
6.528958903100e+04  1.833527200000e-03
1.485878425600e+04  9.537186300000e-03
4.205973472900e+03  3.880341200000e-02
1.369641643100e+03  1.266160500000e-01
4.923034890000e+02  3.017531000000e-01
1.914192323000e+02  4.354393400000e-01
7.584055870000e+01  2.328236400000e-01
S 4 1
4.743081061000e+02 -2.674370800000e-02
1.471029756000e+02 -1.265465800000e-01
2.398259940000e+01  5.884034700000e-01
1.029823010000e+01  5.632427200000e-01
S 2 1
1.605038140000e+01 -2.451644000000e-01
2.698846900000e+00  7.457805000000e-01
S 1 1
1.142858900000e+00  1.000000000000e+00
S 1 1
2.021765000000e-01  1.000000000000e+00
S 1 1
7.198020000000e-02  1.000000000000e+00
S 1 1
3.010210000000e-02  1.000000000000e+00
P 6 1
2.432017107000e+03  2.243406600000e-03
5.761204958000e+02  1.834226500000e-02
1.851158435000e+02  8.727969700000e-02
6.924657260000e+01  2.568486800000e-01
2.781810780000e+01  4.239837800000e-01
1.142022990000e+01  2.570134000000e-01
P 3 1
4.281966150000e+01 -1.932651900000e-02
6.388590100000e+00  3.157138700000e-01
2.669899300000e+00  5.761779300000e-01
P 1 1
1.078178400000e+00  1.000000000000e+00
P 1 1
2.279656000000e-01  1.000000000000e+00
P 1 1
6.283620000000e-02  1.000000000000e+00
D 5 1
1.039233183000e+02  1.146461400000e-02
3.037109440000e+01  7.362574700000e-02
1.087207810000e+01  2.350510700000e-01
4.154913800000e+00  4.031856400000e-01
1.534565900000e+00  4.082474800000e-01
D 1 1
5.111426000000e-01  1.000000000000e+00
D 1 1
3.062200000000e-01  1.000000000000e+00
D 1 1
1.139131000000e-01  1.000000000000e+00
D 1 1
4.287170000000e-02  1.000000000000e+00
F 1 1
3.099610000000e-01  1.000000000000e+00
@END

@ATOMBASIS GE
S 8 1
4.661150059200e+05  2.248726500000e-04
6.987542076200e+04  1.743542700000e-03
1.590327671600e+04  9.069148200000e-03
4.501823345300e+03  3.690617500000e-02
1.466057092400e+03  1.205016800000e-01
5.270784173000e+02  2.874864200000e-01
2.050039507000e+02  4.162232200000e-01
8.125159610000e+01  2.239784600000e-01
S 4 1
5.057466128000e+02 -2.518460900000e-02
1.569659374000e+02 -1.189893000000e-01
2.576144820000e+01  5.493013600000e-01
1.110665470000e+01  5.293930900000e-01
S 2 1
1.727205910000e+01 -2.285459600000e-01
2.943828900000e+00  6.837793000000e-01
S 1 1
1.283916500000e+00  1.000000000000e+00
S 1 1
2.587334000000e-01  1.000000000000e+00
S 1 1
9.352490000000e-02  1.000000000000e+00
S 1 1
4.198440000000e-02  1.000000000000e+00
P 6 1
2.633934624100e+03  2.214392500000e-03
6.240016163000e+02  1.814089900000e-02
2.005852840000e+02  8.663218500000e-02
7.509708150000e+01  2.564902100000e-01
3.021438850000e+01  4.265861100000e-01
1.244008760000e+01  2.620052700000e-01
P 3 1
4.598131600000e+01 -2.032176800000e-02
6.994565400000e+00  3.201374500000e-01
2.968600100000e+00  5.905101500000e-01
P 1 1
1.232098800000e+00  1.000000000000e+00
P 1 1
2.898161000000e-01  1.000000000000e+00
P 1 1
8.556460000000e-02  1.000000000000e+00
D 5 1
1.194488758000e+02  1.058654500000e-02
3.506291530000e+01  6.960128100000e-02
1.263692450000e+01  2.280703500000e-01
4.888867300000e+00  4.030106700000e-01
1.845319500000e+00  4.130484700000e-01
D 1 1
6.357116000000e-01  1.000000000000e+00
D 1 1
3.549213000000e-01  1.000000000000e+00
D 1 1
1.315571000000e-01  1.000000000000e+00
D 1 1
5.613490000000e-02  1.000000000000e+00
F 1 1
3.621065000000e-01  1.000000000000e+00
@END

@ATOMBASIS AS
S 8 1
4.980324215800e+05  2.274019700000e-04
7.465686874300e+04  1.763281600000e-03
1.699096000400e+04  9.172804000000e-03
4.809620032100e+03  3.733782900000e-02
1.566288705500e+03  1.219953600000e-01
5.632136050000e+02  2.913747500000e-01
2.191117998000e+02  4.232635100000e-01
8.686606100000e+01  2.292146400000e-01
S 4 1
5.381951248000e+02 -2.525419700000e-02
1.671485022000e+02 -1.191546100000e-01
2.760551720000e+01  5.462849600000e-01
1.194785850000e+01  5.300152100000e-01
S 2 1
1.853802310000e+01 -2.347918800000e-01
3.201898600000e+00  6.916705300000e-01
S 1 1
1.435652200000e+00  1.000000000000e+00
S 1 1
3.183781000000e-01  1.000000000000e+00
S 1 1
1.162263000000e-01  1.000000000000e+00
S 1 1
5.045020000000e-02  1.000000000000e+00
P 6 1
2.678942154600e+03  2.331895500000e-03
6.346176584000e+02  1.904215000000e-02
2.039396761000e+02  9.022974500000e-02
7.632389040000e+01  2.616903800000e-01
3.066412490000e+01  4.185716800000e-01
1.250505670000e+01  2.344783000000e-01
P 4 1
4.925622950000e+01 -2.123554000000e-02
7.727489100000e+00  3.047020700000e-01
3.541049300000e+00  5.288837300000e-01
1.698558600000e+00  3.727225100000e-01
P 1 1
7.684807000000e-01  1.000000000000e+00
P 1 1
3.005082000000e-01  1.000000000000e+00
P 1 1
9.819060000000e-02  1.000000000000e+00
D 5 1
1.353328930000e+02  9.929114400000e-03
3.986021270000e+01  6.656884300000e-02
1.444642840000e+01  2.227576800000e-01
5.643290000000e+00  4.030922400000e-01
2.166818900000e+00  4.167166800000e-01
D 1 1
7.651497000000e-01  1.000000000000e+00
D 1 1
4.243465000000e-01  1.000000000000e+00
D 1 1
1.633153000000e-01  1.000000000000e+00
D 1 1
6.757530000000e-02  1.000000000000e+00
F 1 1
4.327194000000e-01  1.000000000000e+00
@END

@ATOMBASIS SE
S 8 1
5.310716669600e+05  2.410897300000e-04
7.960304411700e+04  1.869643100000e-03
1.811584424000e+04  9.727161700000e-03
5.127892319400e+03  3.960479300000e-02
1.669913083900e+03  1.294885500000e-01
6.005753453000e+02  3.095943700000e-01
2.337002125000e+02  4.511576900000e-01
9.267244390000e+01  2.457918900000e-01
S 4 1
5.715751367000e+02 -2.689570800000e-02
1.776368638000e+02 -1.267098900000e-01
2.951776710000e+01  5.769900200000e-01
1.282439980000e+01  5.636907500000e-01
S 2 1
1.984823580000e+01 -2.513241600000e-01
3.474401800000e+00  7.290541700000e-01
S 1 1
1.598891100000e+00  1.000000000000e+00
S 1 1
3.833347000000e-01  1.000000000000e+00
S 1 1
1.404974000000e-01  1.000000000000e+00
S 1 1
4.505350000000e-02  1.000000000000e+00
P 6 1
2.815350056600e+03  2.556902700000e-03
6.669255830000e+02  2.087402700000e-02
2.143421319000e+02  9.877209600000e-02
8.024668790000e+01  2.847182100000e-01
3.225108130000e+01  4.500358500000e-01
1.310643260000e+01  2.441609100000e-01
P 4 1
5.336610850000e+01 -2.155845600000e-02
8.182777700000e+00  3.266231100000e-01
3.623994600000e+00  5.774049900000e-01
1.634159100000e+00  3.430132100000e-01
P 1 1
5.841832000000e-01  1.000000000000e+00
P 1 1
2.396627000000e-01  1.000000000000e+00
P 1 1
8.878510000000e-02  1.000000000000e+00
P 1 1
2.663290000000e-02  1.000000000000e+00
D 5 1
1.518291028000e+02  9.397027700000e-03
4.483999250000e+01  6.408650400000e-02
1.632899950000e+01  2.183423800000e-01
6.430505800000e+00  4.031479000000e-01
2.504802500000e+00  4.196649100000e-01
D 1 1
9.027115000000e-01  1.000000000000e+00
D 1 1
4.768361000000e-01  1.000000000000e+00
D 1 1
1.853516000000e-01  1.000000000000e+00
D 1 1
6.425480000000e-02  1.000000000000e+00
F 1 1
4.886690000000e-01  1.000000000000e+00
@END

@ATOMBASIS BR
S 8 1
5.650732525600e+05  2.366031500000e-04
8.470172317900e+04  1.834833300000e-03
1.927627190000e+04  9.546585000000e-03
5.456428457600e+03  3.887714200000e-02
1.776950350000e+03  1.271831400000e-01
6.391939828000e+02  3.043766200000e-01
2.487882396000e+02  4.449094000000e-01
9.867830550000e+01  2.438164300000e-01
S 4 1
6.060782457000e+02 -2.652715900000e-02
1.884559848000e+02 -1.248458500000e-01
3.149714450000e+01  5.646868400000e-01
1.373600830000e+01  5.555526900000e-01
S 2 1
2.120321280000e+01 -2.494092000000e-01
3.761642000000e+00  7.121312000000e-01
S 1 1
1.773593400000e+00  1.000000000000e+00
S 1 1
4.519741000000e-01  1.000000000000e+00
S 1 1
1.661338000000e-01  1.000000000000e+00
S 1 1
5.276960000000e-02  1.000000000000e+00
P 6 1
3.019695572300e+03  2.497105000000e-03
7.153548113000e+02  2.041926800000e-02
2.299832875000e+02  9.689714800000e-02
8.616784460000e+01  2.805390100000e-01
3.466787080000e+01  4.460639000000e-01
1.411387030000e+01  2.441007400000e-01
P 4 1
5.708565310000e+01 -2.185595100000e-02
8.819384600000e+00  3.270707500000e-01
3.934030300000e+00  5.785523000000e-01
1.799883000000e+00  3.357098800000e-01
P 1 1
6.689941000000e-01  1.000000000000e+00
P 1 1
2.713624000000e-01  1.000000000000e+00
P 1 1
1.008379000000e-01  1.000000000000e+00
P 1 1
2.900520000000e-02  1.000000000000e+00
D 5 1
1.688537026000e+02  8.966398200000e-03
4.997794990000e+01  6.206205900000e-02
1.827491330000e+01  2.147473200000e-01
7.245569500000e+00  4.033533700000e-01
2.856231500000e+00  4.220881300000e-01
D 1 1
1.045962100000e+00  1.000000000000e+00
D 1 1
5.686566000000e-01  1.000000000000e+00
D 1 1
2.203149000000e-01  1.000000000000e+00
D 1 1
7.586560000000e-02  1.000000000000e+00
F 1 1
5.708331000000e-01  1.000000000000e+00
@END

@ATOMBASIS KR
S 8 1
6.002509757500e+05  2.374061000000e-04
8.997665078100e+04  1.841024100000e-03
2.047681422500e+04  9.579558100000e-03
5.796155407800e+03  3.902065000000e-02
1.887591319600e+03  1.277264600000e-01
6.791145852000e+02  3.059652100000e-01
2.643824451000e+02  4.485747400000e-01
1.048836857000e+02  2.472295700000e-01
S 4 1
6.414737076000e+02 -2.674528000000e-02
1.995752482000e+02 -1.257112300000e-01
3.354546300000e+01  5.648373600000e-01
1.468395510000e+01  5.597276600000e-01
S 2 1
2.260310190000e+01 -2.529877200000e-01
4.065068300000e+00  7.099216000000e-01
S 1 1
1.961102700000e+00  1.000000000000e+00
S 1 1
5.246515000000e-01  1.000000000000e+00
S 1 1
1.933240000000e-01  1.000000000000e+00
S 1 1
6.173020000000e-02  1.000000000000e+00
P 6 1
3.232958961400e+03  2.488560800000e-03
7.659644269000e+02  2.037900700000e-02
2.463394081000e+02  9.697718900000e-02
9.236528300000e+01  2.819996100000e-01
3.719950960000e+01  4.511625400000e-01
1.517216650000e+01  2.491713100000e-01
P 4 1
6.093132170000e+01 -2.217360400000e-02
9.479260100000e+00  3.283846300000e-01
4.256468600000e+00  5.812499700000e-01
1.972931400000e+00  3.286354200000e-01
P 1 1
7.633711000000e-01  1.000000000000e+00
P 1 1
3.094363000000e-01  1.000000000000e+00
P 1 1
1.156970000000e-01  1.000000000000e+00
P 1 1
3.236470000000e-02  1.000000000000e+00
D 5 1
1.864176090000e+02  8.612028500000e-03
5.527412430000e+01  6.039440600000e-02
2.028321910000e+01  2.118133200000e-01
8.088453700000e+00  4.036629300000e-01
3.221403400000e+00  4.240286100000e-01
D 1 1
1.195217000000e+00  1.000000000000e+00
D 1 1
6.480000000000e-01  1.000000000000e+00
D 1 1
2.510000000000e-01  1.000000000000e+00
D 1 1
8.790010000000e-02  1.000000000000e+00
F 1 1
6.280000000000e-01  1.000000000000e+00
@END

@ATOMBASIS RB
S 2 1
7.474461800000e+00  2.699786600000e-01
6.729618100000e+00 -4.262925200000e-01
S 1 1
2.781664000000e+00  1.000000000000e+00
S 1 1
5.345218000000e-01  1.000000000000e+00
S 1 1
2.236879000000e-01  1.000000000000e+00
S 1 1
3.241040000000e-02  1.000000000000e+00
S 1 1
1.417100000000e-02  1.000000000000e+00
P 4 1
5.672064300000e+00  4.811422400000e-02
3.332018400000e+00 -1.848513100000e-01
8.015005000000e-01  4.281186500000e-01
3.630222000000e-01  5.867316500000e-01
P 1 1
1.573392000000e-01  1.000000000000e+00
P 1 1
4.000000000000e-02  1.000000000000e+00
P 1 1
1.600000000000e-02  1.000000000000e+00
D 1 1
2.590787000000e-01  1.000000000000e+00
D 1 1
4.250740000000e-02  1.000000000000e+00
D 1 1
1.190930000000e-02  1.000000000000e+00
F 1 1
8.524500000000e-01  1.000000000000e+00
@END

@ATOMBASIS SR
S 2 1
1.000000000000e+01 -1.853055000000e-01
8.500000000000e+00  3.397035500000e-01
S 1 1
3.005704900000e+00  1.000000000000e+00
S 1 1
6.116129000000e-01  1.000000000000e+00
S 1 1
2.739384000000e-01  1.000000000000e+00
S 1 1
5.743560000000e-02  1.000000000000e+00
S 1 1
2.333820000000e-02  1.000000000000e+00
P 4 1
7.588307800000e+00  3.373169000000e-02
3.673130700000e+00 -2.052318500000e-01
9.049662000000e-01  4.920997300000e-01
4.331026000000e-01  6.210529700000e-01
P 1 1
2.022217000000e-01  1.000000000000e+00
P 1 1
7.200000000000e-02  1.000000000000e+00
P 1 1
2.500000000000e-02  1.000000000000e+00
D 3 1
3.618081000000e+00 -7.501000000000e-03
9.966560000000e-01  1.080980000000e-01
3.907350000000e-01  2.785400000000e-01
D 1 1
1.227700000000e-01  1.000000000000e+00
D 1 1
3.665500000000e-02  1.000000000000e+00
F 1 1
9.954000000000e-01  1.000000000000e+00
@END

@ATOMBASIS Y
S 2 1
1.000000000000e+01 -1.748768700000e-01
8.500000000000e+00  3.415234500000e-01
S 1 1
3.365390500000e+00  1.000000000000e+00
S 1 1
6.886068000000e-01  1.000000000000e+00
S 1 1
3.119150000000e-01  1.000000000000e+00
S 1 1
7.032600000000e-02  1.000000000000e+00
S 1 1
2.773390000000e-02  1.000000000000e+00
P 4 1
8.055409400000e+00  3.641097900000e-02
4.016345900000e+00 -2.087257300000e-01
1.023291500000e+00  4.895692900000e-01
4.984356000000e-01  6.061194400000e-01
P 1 1
2.330766000000e-01  1.000000000000e+00
P 1 1
8.000000000000e-02  1.000000000000e+00
P 1 1
2.700000000000e-02  1.000000000000e+00
D 3 1
3.903083300000e+00 -9.820979300000e-03
1.136323400000e+00  1.918363000000e-01
4.561704000000e-01  4.059778900000e-01
D 1 1
1.747095000000e-01  1.000000000000e+00
D 1 1
6.197880000000e-02  1.000000000000e+00
F 1 1
3.861100000000e-01  1.000000000000e+00
F 1 1
1.076600000000e-01  1.000000000000e+00
G 1 1
1.114900000000e-01  1.000000000000e+00
@END

@ATOMBASIS ZR
S 2 1
1.100000000000e+01 -1.907559500000e-01
9.500000000000e+00  3.389558900000e-01
S 1 1
3.638366800000e+00  1.000000000000e+00
S 1 1
7.682203000000e-01  1.000000000000e+00
S 1 1
3.403682000000e-01  1.000000000000e+00
S 1 1
7.526130000000e-02  1.000000000000e+00
S 1 1
3.013140000000e-02  1.000000000000e+00
P 4 1
8.606630600000e+00  4.040426000000e-02
4.440098000000e+00 -2.118774500000e-01
1.128102700000e+00  4.916426700000e-01
5.434608000000e-01  5.730337100000e-01
P 1 1
2.502241000000e-01  1.000000000000e+00
P 1 1
8.500000000000e-02  1.000000000000e+00
P 1 1
2.900000000000e-02  1.000000000000e+00
D 3 1
4.556795800000e+00 -9.619056900000e-03
1.290494000000e+00  2.056999000000e-01
5.164699000000e-01  4.183138200000e-01
D 1 1
1.934980000000e-01  1.000000000000e+00
D 1 1
6.730980000000e-02  1.000000000000e+00
F 1 1
6.532200000000e-01  1.000000000000e+00
F 1 1
1.829300000000e-01  1.000000000000e+00
G 1 1
2.898900000000e-01  1.000000000000e+00
@END

@ATOMBASIS NB
S 2 1
1.200000000000e+01 -2.021950800000e-01
1.050000000000e+01  3.364010600000e-01
S 1 1
3.927606300000e+00  1.000000000000e+00
S 1 1
8.597654000000e-01  1.000000000000e+00
S 1 1
3.907409000000e-01  1.000000000000e+00
S 1 1
8.638730000000e-02  1.000000000000e+00
S 1 1
3.290620000000e-02  1.000000000000e+00
P 4 1
9.205628600000e+00  4.334769000000e-02
4.867963200000e+00 -2.130247900000e-01
1.244215600000e+00  4.810212700000e-01
6.039059000000e-01  5.391785900000e-01
P 1 1
2.796768000000e-01  1.000000000000e+00
P 1 1
9.000000000000e-02  1.000000000000e+00
P 1 1
3.000000000000e-02  1.000000000000e+00
D 3 1
4.617097600000e+00 -1.357447700000e-02
1.566343800000e+00  2.037431000000e-01
6.695243000000e-01  4.299745300000e-01
D 1 1
2.714095000000e-01  1.000000000000e+00
D 1 1
1.005443000000e-01  1.000000000000e+00
F 1 1
9.180100000000e-01  1.000000000000e+00
F 1 1
2.582000000000e-01  1.000000000000e+00
G 1 1
4.682900000000e-01  1.000000000000e+00
@END

@ATOMBASIS MO
S 2 1
1.400000000000e+01 -2.249004300000e-01
1.250000000000e+01  3.315124900000e-01
S 1 1
4.092150200000e+00  1.000000000000e+00
S 1 1
9.705360000000e-01  1.000000000000e+00
S 1 1
4.421762000000e-01  1.000000000000e+00
S 1 1
9.291500000000e-02  1.000000000000e+00
S 1 1
3.501630000000e-02  1.000000000000e+00
P 4 1
8.893111800000e+00  6.999444900000e-02
5.468911200000e+00 -2.354714200000e-01
1.354847300000e+00  4.631546000000e-01
6.549487000000e-01  4.882018500000e-01
P 1 1
3.042820000000e-01  1.000000000000e+00
P 1 1
1.000000000000e-01  1.000000000000e+00
P 1 1
3.300000000000e-02  1.000000000000e+00
D 3 1
5.004444500000e+00 -2.158736500000e-02
1.773682300000e+00  2.095868000000e-01
7.695059000000e-01  4.373088100000e-01
D 1 1
3.153088000000e-01  1.000000000000e+00
D 1 1
1.175437000000e-01  1.000000000000e+00
F 1 1
1.180510000000e+00  1.000000000000e+00
F 1 1
3.334800000000e-01  1.000000000000e+00
G 1 1
6.467000000000e-01  1.000000000000e+00
@END

@ATOMBASIS TC
S 2 1
1.500000000000e+01 -1.994540900000e-01
1.291058170000e+01  3.368992200000e-01
S 1 1
4.449332100000e+00  1.000000000000e+00
S 1 1
1.054840900000e+00  1.000000000000e+00
S 1 1
4.790968000000e-01  1.000000000000e+00
S 1 1
9.912420000000e-02  1.000000000000e+00
S 1 1
3.688280000000e-02  1.000000000000e+00
P 4 1
1.002713800000e+01  6.148160300000e-02
5.846342000000e+00 -2.360072900000e-01
1.496834500000e+00  4.774648400000e-01
7.293463000000e-01  5.073154300000e-01
P 1 1
3.391356000000e-01  1.000000000000e+00
P 1 1
1.100000000000e-01  1.000000000000e+00
P 1 1
3.500000000000e-02  1.000000000000e+00
D 3 1
5.090626900000e+00 -3.217640500000e-02
2.015617900000e+00  2.128080300000e-01
8.811389000000e-01  4.440330900000e-01
D 1 1
3.642709000000e-01  1.000000000000e+00
D 1 1
1.367840000000e-01  1.000000000000e+00
F 1 1
1.440640000000e+00  1.000000000000e+00
F 1 1
4.087500000000e-01  1.000000000000e+00
G 1 1
8.251000000000e-01  1.000000000000e+00
@END

@ATOMBASIS RU
S 2 1
1.600000000000e+01 -2.063400300000e-01
1.391058170000e+01  3.355043800000e-01
S 1 1
4.796797100000e+00  1.000000000000e+00
S 1 1
1.155542600000e+00  1.000000000000e+00
S 1 1
5.245574000000e-01  1.000000000000e+00
S 1 1
1.073457000000e-01  1.000000000000e+00
S 1 1
3.943280000000e-02  1.000000000000e+00
P 4 1
1.118720870000e+01  5.322507300000e-02
6.247768900000e+00 -2.273166200000e-01
1.627947300000e+00  4.786948600000e-01
7.932649000000e-01  5.021331200000e-01
P 1 1
3.670728000000e-01  1.000000000000e+00
P 1 1
1.150000000000e-01  1.000000000000e+00
P 1 1
3.700000000000e-02  1.000000000000e+00
D 3 1
5.734184700000e+00 -3.526611200000e-02
2.248368600000e+00  2.180250200000e-01
9.837698000000e-01  4.470956500000e-01
D 1 1
4.037945000000e-01  1.000000000000e+00
D 1 1
1.497862000000e-01  1.000000000000e+00
F 1 1
1.707790000000e+00  1.000000000000e+00
F 1 1
4.844200000000e-01  1.000000000000e+00
G 1 1
1.009300000000e+00  1.000000000000e+00
@END

@ATOMBASIS RH
S 2 1
1.700000000000e+01 -1.669080300000e-01
1.391058170000e+01  3.423500200000e-01
S 1 1
5.248126500000e+00  1.000000000000e+00
S 1 1
1.226257600000e+00  1.000000000000e+00
S 1 1
5.393022000000e-01  1.000000000000e+00
S 1 1
1.013073000000e-01  1.000000000000e+00
S 1 1
3.712410000000e-02  1.000000000000e+00
P 4 1
1.176710360000e+01  5.949485900000e-02
6.748513300000e+00 -2.373585300000e-01
1.750268000000e+00  4.901933400000e-01
8.432117000000e-01  5.062393400000e-01
P 1 1
3.829554000000e-01  1.000000000000e+00
P 1 1
1.150000000000e-01  1.000000000000e+00
P 1 1
3.700000000000e-02  1.000000000000e+00
D 4 1
1.985783010000e+01  6.696077800000e-03
1.006137810000e+01 -2.198173800000e-02
2.261954600000e+00  3.791870600000e-01
9.709885000000e-01  6.728997700000e-01
D 1 1
3.839120000000e-01  1.000000000000e+00
D 1 1
1.353703000000e-01  1.000000000000e+00
F 1 1
1.975070000000e+00  1.000000000000e+00
F 1 1
5.600900000000e-01  1.000000000000e+00
G 1 1
1.193500000000e+00  1.000000000000e+00
@END

@ATOMBASIS PD
S 2 1
1.800000000000e+01 -1.660538900000e-01
1.466213430000e+01  3.489995500000e-01
S 1 1
5.638870900000e+00  1.000000000000e+00
S 1 1
1.319895300000e+00  1.000000000000e+00
S 1 1
5.781791000000e-01  1.000000000000e+00
S 1 1
1.035217000000e-01  1.000000000000e+00
S 1 1
3.754840000000e-02  1.000000000000e+00
P 4 1
1.255289930000e+01  6.172899800000e-02
7.244449600000e+00 -2.417862700000e-01
1.890594100000e+00  4.945320100000e-01
9.073717000000e-01  5.045436300000e-01
P 1 1
4.087721000000e-01  1.000000000000e+00
P 1 1
1.150000000000e-01  1.000000000000e+00
P 1 1
3.700000000000e-02  1.000000000000e+00
D 4 1
2.235745760000e+01  3.955948000000e-03
1.068252640000e+01 -1.403901200000e-02
2.485823300000e+00  2.421947700000e-01
1.073533400000e+00  4.258028300000e-01
D 1 1
4.261384000000e-01  1.000000000000e+00
D 1 1
1.504636000000e-01  1.000000000000e+00
F 1 1
2.242460000000e+00  1.000000000000e+00
F 1 1
6.357500000000e-01  1.000000000000e+00
G 1 1
1.377700000000e+00  1.000000000000e+00
@END

@ATOMBASIS AG
S 2 1
1.900000000000e+01 -1.660010400000e-01
1.542819990000e+01  3.566509600000e-01
S 1 1
6.055350700000e+00  1.000000000000e+00
S 1 1
1.416236900000e+00  1.000000000000e+00
S 1 1
6.175864000000e-01  1.000000000000e+00
S 1 1
1.047420000000e-01  1.000000000000e+00
S 1 1
3.768510000000e-02  1.000000000000e+00
P 4 1
1.318818020000e+01  6.692873700000e-02
7.795278900000e+00 -2.473523500000e-01
2.035157200000e+00  4.915428000000e-01
9.809391000000e-01  4.974160900000e-01
P 1 1
4.445118000000e-01  1.000000000000e+00
P 1 1
1.300000000000e-01  1.000000000000e+00
P 1 1
4.120000000000e-02  1.000000000000e+00
D 4 1
2.578439740000e+01  3.564506300000e-03
1.139663680000e+01 -1.298426300000e-02
2.734558100000e+00  2.410882700000e-01
1.187358400000e+00  4.241233100000e-01
D 1 1
4.731691000000e-01  1.000000000000e+00
D 1 1
1.674602000000e-01  1.000000000000e+00
F 1 1
2.510030000000e+00  1.000000000000e+00
F 1 1
7.114200000000e-01  1.000000000000e+00
G 1 1
1.561900000000e+00  1.000000000000e+00
@END

@ATOMBASIS CD
S 2 1
2.000000000000e+01 -1.740119700000e-01
1.630905170000e+01  3.713727700000e-01
S 1 1
6.451271000000e+00  1.000000000000e+00
S 1 1
1.535004700000e+00  1.000000000000e+00
S 1 1
6.898363000000e-01  1.000000000000e+00
S 1 1
1.347572000000e-01  1.000000000000e+00
S 1 1
4.741690000000e-02  1.000000000000e+00
P 4 1
1.400068140000e+01  6.933306300000e-02
8.309402000000e+00 -2.542010400000e-01
2.202005800000e+00  4.920098000000e-01
1.077924600000e+00  4.970211800000e-01
P 1 1
5.011188000000e-01  1.000000000000e+00
P 1 1
1.600000000000e-01  1.000000000000e+00
P 1 1
5.160000000000e-02  1.000000000000e+00
D 4 1
3.038078980000e+01  3.254512400000e-03
1.147455160000e+01 -1.421207500000e-02
3.050739500000e+00  2.496175600000e-01
1.362202900000e+00  4.490563500000e-01
D 1 1
5.639941000000e-01  1.000000000000e+00
D 1 1
2.091669000000e-01  1.000000000000e+00
F 1 1
2.840010000000e+00  1.000000000000e+00
F 1 1
8.204800000000e-01  1.000000000000e+00
G 1 1
1.789600000000e+00  1.000000000000e+00
@END

@ATOMBASIS IN
S 4 1
8.477927677000e+02  1.243205200000e-04
7.204105480000e+01  2.360036800000e-03
4.106131650000e+01 -8.558829900000e-03
1.240760970000e+01  6.295203200000e-01
S 2 1
1.164031690000e+01  1.554342900000e+00
6.369564300000e+00  6.749248800000e-01
S 1 1
1.706323600000e+00  1.000000000000e+00
S 1 1
7.866697000000e-01  1.000000000000e+00
S 1 1
1.696520000000e-01  1.000000000000e+00
S 1 1
6.207490000000e-02  1.000000000000e+00
S 1 1
2.152170000000e-02  1.000000000000e+00
P 3 1
2.682813668000e+02  1.154219400000e-04
1.478155380000e+01  7.777983000000e-02
8.804147600000e+00 -2.833238900000e-01
P 3 1
2.371727700000e+00  4.789611200000e-01
1.192706500000e+00  4.829382000000e-01
5.835281000000e-01  1.684388400000e-01
P 1 1
2.328097000000e-01  1.000000000000e+00
P 1 1
8.867410000000e-02  1.000000000000e+00
P 1 1
3.359880000000e-02  1.000000000000e+00
D 6 1
9.428257510000e+01  4.365273000000e-04
1.971643110000e+01  6.391875300000e-01
1.960010680000e+01 -6.466311600000e-01
3.564318700000e+00  2.118758000000e-01
1.701780100000e+00  4.212932200000e-01
7.645662000000e-01  3.841812800000e-01
D 1 1
3.182677000000e-01  1.000000000000e+00
D 1 1
1.000000000000e-01  1.000000000000e+00
D 1 1
3.223930000000e-02  1.000000000000e+00
F 1 1
2.641599000000e-01  1.000000000000e+00
F 1 1
9.000000000000e-01  1.000000000000e+00
@END

@ATOMBASIS SN
S 4 1
1.577071593100e+03  1.704276800000e-04
2.352660108000e+02  8.146705700000e-04
3.820633060000e+01 -3.905790400000e-03
1.309703180000e+01  5.324592200000e-01
S 2 1
1.168149280000e+01  1.543528700000e+00
5.964760400000e+00  7.642151000000e-01
S 1 1
1.889107100000e+00  1.000000000000e+00
S 1 1
8.851408000000e-01  1.000000000000e+00
S 1 1
2.050011000000e-01  1.000000000000e+00
S 1 1
7.674860000000e-02  1.000000000000e+00
S 1 1
2.913810000000e-02  1.000000000000e+00
P 3 1
2.215576750000e+02  3.112517800000e-04
2.108402140000e+01  3.110809700000e-02
8.760013900000e+00 -2.757156100000e-01
P 3 1
2.591291000000e+00  4.591232900000e-01
1.342680100000e+00  4.968286700000e-01
6.773274000000e-01  1.896237800000e-01
P 1 1
2.941876000000e-01  1.000000000000e+00
P 1 1
1.186376000000e-01  1.000000000000e+00
P 1 1
4.621580000000e-02  1.000000000000e+00
D 6 1
1.083321015000e+02  4.656185300000e-04
2.370393660000e+01  5.406316300000e-02
2.233984390000e+01 -5.892876900000e-02
4.087483400000e+00  1.958850100000e-01
1.973735400000e+00  4.230179900000e-01
9.015826000000e-01  3.925271600000e-01
D 1 1
3.823715000000e-01  1.000000000000e+00
D 1 1
1.200000000000e-01  1.000000000000e+00
D 1 1
4.209050000000e-02  1.000000000000e+00
F 1 1
2.939285000000e-01  1.000000000000e+00
F 1 1
1.000000000000e+00  1.000000000000e+00
@END

@ATOMBASIS SB
S 4 1
1.612419993300e+03  2.854038100000e-04
2.388445210000e+02  1.339377900000e-03
2.399811880000e+01 -4.938815500000e-02
1.519312420000e+01  4.339222700000e-01
S 2 1
1.173640970000e+01  9.212552000000e-01
6.525977500000e+00  7.923528000000e-01
S 1 1
2.024745200000e+00  1.000000000000e+00
S 1 1
9.711342000000e-01  1.000000000000e+00
S 1 1
2.425433000000e-01  1.000000000000e+00
S 1 1
9.220660000000e-02  1.000000000000e+00
S 1 1
3.657750000000e-02  1.000000000000e+00
P 3 1
2.156839335000e+02  2.605182300000e-04
1.637447910000e+01  7.372800000000e-02
9.721628300000e+00 -2.723002800000e-01
P 3 1
2.798264300000e+00  4.647269200000e-01
1.471104500000e+00  5.036424200000e-01
7.516539000000e-01  1.870666600000e-01
P 1 1
3.316870000000e-01  1.000000000000e+00
P 1 1
1.393161000000e-01  1.000000000000e+00
P 1 1
5.639930000000e-02  1.000000000000e+00
D 6 1
1.159031225000e+02  5.314091500000e-04
3.047423370000e+01  5.941113900000e-03
1.822841820000e+01 -1.056370700000e-02
4.329145700000e+00  2.034817700000e-01
2.129481800000e+00  4.274837900000e-01
9.968264000000e-01  3.853956100000e-01
D 1 1
4.334724000000e-01  1.000000000000e+00
D 1 1
1.400000000000e-01  1.000000000000e+00
D 1 1
5.169980000000e-02  1.000000000000e+00
F 1 1
3.236971000000e-01  1.000000000000e+00
F 1 1
1.100000000000e+00  1.000000000000e+00
@END

@ATOMBASIS TE
S 5 1
6.213200165000e+03  1.739207300000e-04
9.208964002000e+02  1.193359000000e-03
1.992804271000e+02  3.625655700000e-03
2.477423310000e+01 -5.979103300000e-02
1.483819920000e+01  9.594320300000e-01
S 2 1
1.227876200000e+01  7.594243000000e-01
6.380784600000e+00  3.533169000000e-01
S 1 1
2.222840500000e+00  1.000000000000e+00
S 1 1
1.077604300000e+00  1.000000000000e+00
S 1 1
2.813665000000e-01  1.000000000000e+00
S 1 1
1.078157000000e-01  1.000000000000e+00
S 1 1
3.760690000000e-02  1.000000000000e+00
P 3 1
2.042940085000e+02  4.060540700000e-04
1.820875940000e+01  6.025545200000e-02
9.921102400000e+00 -2.749167100000e-01
P 3 1
3.144152900000e+00  4.315485000000e-01
1.722088400000e+00  5.540307900000e-01
8.909895000000e-01  2.408731100000e-01
P 1 1
3.980472000000e-01  1.000000000000e+00
P 1 1
1.653879000000e-01  1.000000000000e+00
P 1 1
6.508270000000e-02  1.000000000000e+00
P 1 1
2.043470000000e-02  1.000000000000e+00
D 6 1
1.215105525000e+02  6.349062900000e-04
3.296879440000e+01  6.181193600000e-03
1.924986250000e+01 -8.892982500000e-03
4.719840700000e+00  2.015988500000e-01
2.342806100000e+00  4.297604900000e-01
1.113537900000e+00  3.824712700000e-01
D 1 1
4.920006000000e-01  1.000000000000e+00
D 1 1
1.600000000000e-01  1.000000000000e+00
D 1 1
5.508600000000e-02  1.000000000000e+00
F 1 1
3.825576000000e-01  1.000000000000e+00
F 1 1
1.850000000000e+00  1.000000000000e+00
@END

@ATOMBASIS I
S 5 1
5.899579153300e+03  2.418826900000e-04
8.985423877000e+02  1.547404200000e-03
2.003723791000e+02  4.283668400000e-03
3.141805380000e+01 -3.941793600000e-02
1.564598780000e+01  9.608669200000e-01
S 2 1
1.181574190000e+01  7.596152400000e-01
6.461445800000e+00  4.249550200000e-01
S 1 1
2.383806800000e+00  1.000000000000e+00
S 1 1
1.171209000000e+00  1.000000000000e+00
S 1 1
3.211588000000e-01  1.000000000000e+00
S 1 1
1.238792000000e-01  1.000000000000e+00
S 1 1
4.349160000000e-02  1.000000000000e+00
P 3 1
1.973003055000e+02  7.395122700000e-04
2.006141130000e+01  6.616845000000e-02
9.763146000000e+00 -2.855466200000e-01
P 4 1
1.298431690000e+01 -4.909618600000e-02
3.619950300000e+00  3.891443200000e-01
2.023227300000e+00  6.561081700000e-01
1.036749100000e+00  3.180355200000e-01
P 1 1
4.593782000000e-01  1.000000000000e+00
P 1 1
1.911653000000e-01  1.000000000000e+00
P 1 1
7.487880000000e-02  1.000000000000e+00
P 1 1
2.165350000000e-02  1.000000000000e+00
D 6 1
1.191267175000e+02  8.259604000000e-04
3.340424010000e+01  6.837767600000e-03
1.780591820000e+01 -1.030815900000e-02
4.899051000000e+00  2.267045800000e-01
2.451675300000e+00  4.418011400000e-01
1.182069300000e+00  3.677547200000e-01
D 1 1
5.292311000000e-01  1.000000000000e+00
D 1 1
1.700000000000e-01  1.000000000000e+00
D 1 1
6.134170000000e-02  1.000000000000e+00
F 1 1
4.414181000000e-01  1.000000000000e+00
F 1 1
2.180000000000e+00  1.000000000000e+00
@END

@ATOMBASIS XE
S 5 1
6.420248165600e+03  2.509217400000e-04
9.835453066000e+02  1.625194800000e-03
2.194388136000e+02  4.603710600000e-03
2.301258780000e+01 -1.469870700000e-01
1.804832450000e+01  5.752487000000e-01
S 2 1
1.175255020000e+01  6.603842000000e-01
6.239091700000e+00  3.847052500000e-01
S 1 1
2.625721100000e+00  1.000000000000e+00
S 1 1
1.290504300000e+00  1.000000000000e+00
S 1 1
3.620419000000e-01  1.000000000000e+00
S 1 1
1.406989000000e-01  1.000000000000e+00
S 1 1
5.020110000000e-02  1.000000000000e+00
P 3 1
1.938143255000e+02  9.539480200000e-04
2.172522810000e+01  5.739335300000e-02
9.889160600000e+00 -2.797426700000e-01
P 4 1
1.396068380000e+01 -5.095015800000e-02
4.092894700000e+00  3.666921200000e-01
2.254681500000e+00  7.261945700000e-01
1.154659600000e+00  3.555587200000e-01
P 1 1
5.232192000000e-01  1.000000000000e+00
P 1 1
2.194557000000e-01  1.000000000000e+00
P 1 1
8.615900000000e-02  1.000000000000e+00
P 1 1
2.374950000000e-02  1.000000000000e+00
D 6 1
1.356030004000e+02  8.187354300000e-04
3.872706270000e+01  6.089765400000e-03
1.537732810000e+01 -9.278298600000e-03
5.260253800000e+00  2.289078600000e-01
2.659062700000e+00  4.443440700000e-01
1.293820500000e+00  3.602948300000e-01
D 1 1
5.805083000000e-01  1.000000000000e+00
D 1 1
1.800000000000e-01  1.000000000000e+00
D 1 1
6.800280000000e-02  1.000000000000e+00
F 1 1
4.965279000000e-01  1.000000000000e+00
F 1 1
2.500000000000e+00  1.000000000000e+00
@END

@ATOMBASIS CS
S 3 1
5.877811300000e+00  1.285999500000e-01
4.363153800000e+00 -3.463257000000e-01
1.804847500000e+00  6.993063700000e-01
S 1 1
3.748524000000e-01  1.000000000000e+00
S 1 1
1.638486000000e-01  1.000000000000e+00
S 1 1
2.723050000000e-02  1.000000000000e+00
S 1 1
1.199150000000e-02  1.000000000000e+00
P 4 1
4.275185600000e+00  4.572307400000e-02
1.965666300000e+00 -2.501996200000e-01
4.768920000000e-01  5.566085000000e-01
2.152975000000e-01  5.821855300000e-01
P 1 1
9.145090000000e-02  1.000000000000e+00
P 1 1
4.000000000000e-02  1.000000000000e+00
P 1 1
1.400000000000e-02  1.000000000000e+00
D 1 1
2.794147000000e-01  1.000000000000e+00
D 1 1
6.241980000000e-02  1.000000000000e+00
D 1 1
1.598790000000e-02  1.000000000000e+00
F 1 1
5.877700000000e-01  1.000000000000e+00
@END

@ATOMBASIS BA
S 2 1
6.000000000000e+00 -5.658717500000e-01
4.982208200000e+00  9.751476900000e-01
S 1 1
2.145194400000e+00  1.000000000000e+00
S 1 1
4.148617000000e-01  1.000000000000e+00
S 1 1
1.921476000000e-01  1.000000000000e+00
S 1 1
4.846590000000e-02  1.000000000000e+00
S 1 1
2.013830000000e-02  1.000000000000e+00
P 4 1
5.500000000000e+00 -4.458631300000e-01
4.901793800000e+00  6.775548000000e-01
2.614268500000e+00 -4.601055500000e-01
4.790339000000e-01  6.874960800000e-01
P 1 1
1.941514000000e-01  1.000000000000e+00
P 1 1
3.491760000000e-02  1.000000000000e+00
P 1 1
1.632010000000e-02  1.000000000000e+00
D 3 1
9.663150000000e-01 -9.089380000000e-01
8.938280000000e-01  9.472400000000e-01
2.731950000000e-01  3.220570000000e-01
D 1 1
1.038910000000e-01  1.000000000000e+00
D 1 1
3.557800000000e-02  1.000000000000e+00
F 1 1
6.576000000000e-01  1.000000000000e+00
@END

@ATOMBASIS LA
S 2 1
5.087399000000e+00 -4.417495300000e-01
4.270978000000e+00  8.581246700000e-01
S 1 1
2.182365600000e+00  1.000000000000e+00
S 1 1
4.896653000000e-01  1.000000000000e+00
S 1 1
2.330168000000e-01  1.000000000000e+00
S 1 1
5.571950000000e-02  1.000000000000e+00
S 1 1
2.285470000000e-02  1.000000000000e+00
P 4 1
6.000000000000e+00 -1.139796100000e-02
3.680819200000e+00  1.467503900000e-01
2.326546200000e+00 -3.558181900000e-01
6.434263000000e-01  4.583495500000e-01
P 1 1
3.358428000000e-01  1.000000000000e+00
P 1 1
1.651905000000e-01  1.000000000000e+00
P 1 1
3.540000000000e-02  1.000000000000e+00
P 1 1
2.057320000000e-02  1.000000000000e+00
D 3 1
1.267528800000e+00 -1.756927400000e-01
8.939534000000e-01  2.513992300000e-01
3.309577000000e-01  4.460326700000e-01
D 1 1
1.346138000000e-01  1.000000000000e+00
D 1 1
5.144160000000e-02  1.000000000000e+00
F 1 1
3.894100000000e-01  1.000000000000e+00
F 1 1
1.204300000000e-01  1.000000000000e+00
G 1 1
1.790700000000e-01  1.000000000000e+00
@END

@ATOMBASIS HF
S 4 1
2.400000000000e+01  1.936944900000e-01
1.600000000000e+01 -3.506463100000e+00
1.440000000000e+01  4.308258100000e+00
1.030450470000e+01 -9.104581000000e-01
S 1 1
3.842651100000e+00  1.000000000000e+00
S 1 1
9.329603000000e-01  1.000000000000e+00
S 1 1
4.261532000000e-01  1.000000000000e+00
S 1 1
9.336660000000e-02  1.000000000000e+00
S 1 1
3.553290000000e-02  1.000000000000e+00
P 4 1
1.700000000000e+01 -3.031649200000e-02
1.173807210000e+01  1.013928000000e-01
4.920396700000e+00 -2.822792500000e-01
1.125172600000e+00  5.203200900000e-01
P 1 1
5.422011000000e-01  1.000000000000e+00
P 1 1
2.565945000000e-01  1.000000000000e+00
P 1 1
6.500000000000e-02  1.000000000000e+00
P 1 1
2.714170000000e-02  1.000000000000e+00
D 3 1
3.982062300000e+00 -4.244602400000e-02
1.307798800000e+00  1.840923300000e-01
5.327231000000e-01  4.148442400000e-01
D 1 1
2.056495000000e-01  1.000000000000e+00
D 1 1
7.309990000000e-02  1.000000000000e+00
F 1 1
5.310400000000e-01  1.000000000000e+00
F 1 1
1.653700000000e-01  1.000000000000e+00
G 1 1
2.903600000000e-01  1.000000000000e+00
@END

@ATOMBASIS TA
S 4 1
2.447365090000e+01  2.059032200000e-01
1.872137250000e+01 -7.467079600000e-01
1.150000000000e+01  3.407136400000e+00
1.035000000000e+01 -2.817548800000e+00
S 1 1
3.843618000000e+00  1.000000000000e+00
S 1 1
1.020226600000e+00  1.000000000000e+00
S 1 1
4.677478000000e-01  1.000000000000e+00
S 1 1
1.032319000000e-01  1.000000000000e+00
S 1 1
3.867450000000e-02  1.000000000000e+00
P 4 1
1.700000000000e+01 -3.257730600000e-02
1.200818650000e+01  1.033628700000e-01
5.027876100000e+00 -2.852652200000e-01
1.193712400000e+00  5.179014100000e-01
P 1 1
5.788971000000e-01  1.000000000000e+00
P 1 1
2.722520000000e-01  1.000000000000e+00
P 1 1
6.500000000000e-02  1.000000000000e+00
P 1 1
2.770110000000e-02  1.000000000000e+00
D 3 1
3.973879600000e+00 -5.279931100000e-02
1.452888500000e+00  1.855831900000e-01
6.104291000000e-01  4.295907200000e-01
D 1 1
2.421628000000e-01  1.000000000000e+00
D 1 1
8.790930000000e-02  1.000000000000e+00
F 1 1
6.706600000000e-01  1.000000000000e+00
F 1 1
2.103100000000e-01  1.000000000000e+00
G 1 1
4.016500000000e-01  1.000000000000e+00
@END

@ATOMBASIS W
S 3 1
3.000000000000e+01  3.224648300000e-01
2.700000000000e+01 -4.669225700000e-01
1.307804570000e+01  4.269956400000e-01
S 1 1
4.810045000000e+00  1.000000000000e+00
S 1 1
9.849780000000e-01  1.000000000000e+00
S 1 1
4.491049000000e-01  1.000000000000e+00
S 1 1
1.144835000000e-01  1.000000000000e+00
S 1 1
4.172040000000e-02  1.000000000000e+00
P 4 1
1.700000000000e+01 -3.781776800000e-02
1.243197340000e+01  1.090567400000e-01
5.158621800000e+00 -2.939995500000e-01
1.280145500000e+00  5.156072700000e-01
P 1 1
6.285679000000e-01  1.000000000000e+00
P 1 1
2.938042000000e-01  1.000000000000e+00
P 1 1
6.500000000000e-02  1.000000000000e+00
P 1 1
2.793880000000e-02  1.000000000000e+00
D 4 1
7.406473700000e+00  8.699396300000e-02
5.902626900000e+00 -1.766754000000e-01
1.298475700000e+00  5.514569700000e-01
5.715351000000e-01  9.531359700000e-01
D 1 1
2.384553000000e-01  1.000000000000e+00
D 1 1
9.114430000000e-02  1.000000000000e+00
F 1 1
8.082400000000e-01  1.000000000000e+00
F 1 1
2.552400000000e-01  1.000000000000e+00
G 1 1
5.129300000000e-01  1.000000000000e+00
@END

@ATOMBASIS RE
S 3 1
3.000000000000e+01  3.178071800000e-01
2.700000000000e+01 -4.649232100000e-01
1.307804570000e+01  4.572364100000e-01
S 1 1
5.035271300000e+00  1.000000000000e+00
S 1 1
1.048270600000e+00  1.000000000000e+00
S 1 1
4.770877000000e-01  1.000000000000e+00
S 1 1
1.222586000000e-01  1.000000000000e+00
S 1 1
4.400740000000e-02  1.000000000000e+00
P 4 1
1.800000000000e+01 -2.689096200000e-02
1.231860630000e+01  9.971149900000e-02
5.371923500000e+00 -2.928939800000e-01
1.350664700000e+00  5.146630100000e-01
P 1 1
6.621282000000e-01  1.000000000000e+00
P 1 1
3.107139000000e-01  1.000000000000e+00
P 1 1
7.000000000000e-02  1.000000000000e+00
P 1 1
2.965120000000e-02  1.000000000000e+00
D 4 1
7.735287800000e+00  8.390179900000e-02
6.094944400000e+00 -1.772225900000e-01
1.387110500000e+00  5.523826000000e-01
6.232403000000e-01  9.198011100000e-01
D 1 1
2.651733000000e-01  1.000000000000e+00
D 1 1
1.032110000000e-01  1.000000000000e+00
F 1 1
9.438600000000e-01  1.000000000000e+00
F 1 1
3.001800000000e-01  1.000000000000e+00
G 1 1
6.242200000000e-01  1.000000000000e+00
@END

@ATOMBASIS OS
S 3 1
3.000000000000e+01  3.221300500000e-01
2.700000000000e+01 -4.792291800000e-01
1.352473000000e+01  4.746594700000e-01
S 1 1
5.240288300000e+00  1.000000000000e+00
S 1 1
1.130666100000e+00  1.000000000000e+00
S 1 1
5.168997000000e-01  1.000000000000e+00
S 1 1
1.322295000000e-01  1.000000000000e+00
S 1 1
4.722030000000e-02  1.000000000000e+00
P 4 1
1.550000000000e+01  1.601646300000e-01
1.400000000000e+01 -2.320152000000e-01
5.545829000000e+00  2.977258700000e-01
1.413950200000e+00 -5.425323800000e-01
P 1 1
6.813669000000e-01  1.000000000000e+00
P 1 1
3.091145000000e-01  1.000000000000e+00
P 1 1
5.200000000000e-02  1.000000000000e+00
P 1 1
2.076590000000e-02  1.000000000000e+00
D 4 1
8.294505900000e+00  6.964822200000e-02
6.306039700000e+00 -1.644423000000e-01
1.489010900000e+00  5.515454100000e-01
6.731539000000e-01  8.846137000000e-01
D 1 1
2.859081000000e-01  1.000000000000e+00
D 1 1
1.105801000000e-01  1.000000000000e+00
F 1 1
1.067290000000e+00  1.000000000000e+00
F 1 1
3.422200000000e-01  1.000000000000e+00
G 1 1
7.548900000000e-01  1.000000000000e+00
@END

@ATOMBASIS IR
S 3 1
3.000000000000e+01  3.079790300000e-01
2.700000000000e+01 -4.672636200000e-01
1.396197390000e+01  4.716100300000e-01
S 1 1
5.395697800000e+00  1.000000000000e+00
S 1 1
1.214912900000e+00  1.000000000000e+00
S 1 1
5.588574000000e-01  1.000000000000e+00
S 1 1
1.409797000000e-01  1.000000000000e+00
S 1 1
5.002190000000e-02  1.000000000000e+00
P 4 1
1.590266410000e+01 -1.629072000000e-01
1.441583070000e+01  2.348321300000e-01
5.759760900000e+00 -3.030533700000e-01
1.500891300000e+00  5.551298200000e-01
P 1 1
7.234804000000e-01  1.000000000000e+00
P 1 1
3.278598000000e-01  1.000000000000e+00
P 1 1
5.600000000000e-02  1.000000000000e+00
P 1 1
2.294560000000e-02  1.000000000000e+00
D 4 1
8.632169300000e+00  7.500010000000e-02
6.589819200000e+00 -1.732696500000e-01
1.580838000000e+00  5.506519700000e-01
7.182783000000e-01  8.527364100000e-01
D 1 1
3.057185000000e-01  1.000000000000e+00
D 1 1
1.182707000000e-01  1.000000000000e+00
F 1 1
1.188570000000e+00  1.000000000000e+00
F 1 1
3.842600000000e-01  1.000000000000e+00
G 1 1
8.855600000000e-01  1.000000000000e+00
@END

@ATOMBASIS PT
S 3 1
3.000000000000e+01  2.714826400000e-01
2.700000000000e+01 -4.222675900000e-01
1.440831860000e+01  4.436158200000e-01
S 1 1
5.533578800000e+00  1.000000000000e+00
S 1 1
1.298643800000e+00  1.000000000000e+00
S 1 1
5.875939000000e-01  1.000000000000e+00
S 1 1
1.384559000000e-01  1.000000000000e+00
S 1 1
4.920450000000e-02  1.000000000000e+00
P 4 1
1.550000000000e+01 -1.567271900000e-01
1.400000000000e+01  2.385341300000e-01
6.116121200000e+00 -3.104138000000e-01
1.571558600000e+00  5.647352500000e-01
P 1 1
7.513251000000e-01  1.000000000000e+00
P 1 1
3.330647000000e-01  1.000000000000e+00
P 1 1
5.700000000000e-02  1.000000000000e+00
P 1 1
2.044150000000e-02  1.000000000000e+00
D 4 1
8.320793800000e+00  6.294579900000e-02
7.420722700000e+00 -9.027184700000e-02
1.657041100000e+00  1.681252600000e-01
7.394357000000e-01  2.504541700000e-01
D 1 1
3.051086000000e-01  1.000000000000e+00
D 1 1
1.135041000000e-01  1.000000000000e+00
F 1 1
1.307710000000e+00  1.000000000000e+00
F 1 1
4.263000000000e-01  1.000000000000e+00
G 1 1
1.016230000000e+00  1.000000000000e+00
@END

@ATOMBASIS AU
S 3 1
3.000000000000e+01  2.074923100000e-01
2.700000000000e+01 -3.326789300000e-01
1.474682430000e+01  3.830281800000e-01
S 1 1
5.601724900000e+00  1.000000000000e+00
S 1 1
1.387416200000e+00  1.000000000000e+00
S 1 1
6.292303000000e-01  1.000000000000e+00
S 1 1
1.402752000000e-01  1.000000000000e+00
S 1 1
4.937940000000e-02  1.000000000000e+00
P 4 1
1.550000000000e+01  1.500171200000e-01
1.400000000000e+01 -2.360981300000e-01
6.422736800000e+00  3.145889700000e-01
1.659560200000e+00 -5.727967000000e-01
P 1 1
7.940291000000e-01  1.000000000000e+00
P 1 1
3.512516000000e-01  1.000000000000e+00
P 1 1
4.500000000000e-02  1.000000000000e+00
P 1 1
1.180174000000e-01  1.000000000000e+00
D 4 1
9.552409900000e+00  4.014556000000e-02
7.269888700000e+00 -9.369090700000e-02
1.774649700000e+00  3.174628200000e-01
7.996054000000e-01  4.679519200000e-01
D 1 1
3.325228000000e-01  1.000000000000e+00
D 1 1
1.244513000000e-01  1.000000000000e+00
F 1 1
1.424690000000e+00  1.000000000000e+00
F 1 1
4.683400000000e-01  1.000000000000e+00
G 1 1
1.146900000000e+00  1.000000000000e+00
@END

@ATOMBASIS HG
S 3 1
4.801378700000e+01  5.800816500000e-03
2.123987510000e+01 -1.732816500000e-01
1.587610090000e+01  3.641668500000e-01
S 1 1
5.518053200000e+00  1.000000000000e+00
S 1 1
1.509914500000e+00  1.000000000000e+00
S 1 1
7.068348000000e-01  1.000000000000e+00
S 1 1
1.626627000000e-01  1.000000000000e+00
S 1 1
5.696060000000e-02  1.000000000000e+00
P 4 1
1.750000000000e+01 -8.645718700000e-02
1.525259490000e+01  1.532731800000e-01
6.440471500000e+00 -3.027495500000e-01
1.818016000000e+00  5.436128500000e-01
P 1 1
9.006798000000e-01  1.000000000000e+00
P 1 1
4.130454000000e-01  1.000000000000e+00
P 1 1
1.184570000000e-01  1.000000000000e+00
P 1 1
3.608760000000e-02  1.000000000000e+00
P 1 1
6.029930000000e-02  1.000000000000e+00
D 4 1
1.002819770000e+01  3.992235300000e-02
7.592066100000e+00 -9.477423100000e-02
1.914425600000e+00  3.116415700000e-01
8.864155000000e-01  4.556707800000e-01
D 1 1
3.815424000000e-01  1.000000000000e+00
D 1 1
1.488074000000e-01  1.000000000000e+00
F 1 1
1.552170000000e+00  1.000000000000e+00
F 1 1
5.243100000000e-01  1.000000000000e+00
G 1 1
1.289500000000e+00  1.000000000000e+00
@END

@ATOMBASIS TL
S 4 1
7.296503815000e+02  1.367283000000e-04
4.666554870000e+01  6.044344000000e-03
2.097044870000e+01 -2.002206700000e-01
1.414958870000e+01  4.080167800000e-01
S 2 1
2.073013430000e+01 -7.186113600000e-02
6.152763100000e+00  9.805750800000e-01
S 1 1
1.575732400000e+00  1.000000000000e+00
S 1 1
7.498017000000e-01  1.000000000000e+00
S 1 1
1.953682000000e-01  1.000000000000e+00
S 1 1
7.087880000000e-02  1.000000000000e+00
S 1 1
2.125040000000e-02  1.000000000000e+00
P 3 1
1.538385260000e+01  6.171794900000e-01
1.481492950000e+01 -7.285923500000e-01
6.726125400000e+00  4.043819500000e-01
P 3 1
1.962618200000e+00  4.315766100000e-01
1.033185800000e+00  3.923040400000e-01
5.383745000000e-01  1.400740700000e-01
P 1 1
2.444661000000e-01  1.000000000000e+00
P 1 1
9.078540000000e-02  1.000000000000e+00
P 1 1
3.340130000000e-02  1.000000000000e+00
D 6 1
5.760681990000e+01  1.605481100000e-04
9.736886700000e+00  2.445656200000e-02
6.925620200000e+00 -6.991477500000e-02
2.139623100000e+00  1.949626900000e-01
1.083618700000e+00  2.973163000000e-01
5.235630000000e-01  2.372870800000e-01
D 1 1
2.384231000000e-01  1.000000000000e+00
D 1 1
9.500000000000e-02  1.000000000000e+00
D 1 1
3.080780000000e-02  1.000000000000e+00
F 1 1
2.843500000000e-01  1.000000000000e+00
F 1 1
9.500000000000e-01  1.000000000000e+00
@END

@ATOMBASIS PB
S 4 1
5.916112437000e+02  2.212652100000e-04
4.675723260000e+01  5.696195900000e-03
2.074646270000e+01 -2.137406400000e-01
1.461079640000e+01  4.050262100000e-01
S 2 1
2.022263760000e+01 -8.354188300000e-02
6.476732500000e+00  9.791089200000e-01
S 1 1
1.660060100000e+00  1.000000000000e+00
S 1 1
8.043166000000e-01  1.000000000000e+00
S 1 1
2.262704000000e-01  1.000000000000e+00
S 1 1
8.401450000000e-02  1.000000000000e+00
S 1 1
2.853330000000e-02  1.000000000000e+00
P 3 1
1.518910210000e+01  6.195230400000e-01
1.469314440000e+01 -7.249849700000e-01
6.870589000000e+00  3.768000800000e-01
P 3 1
2.202142600000e+00  4.019628500000e-01
1.220912500000e+00  4.605813200000e-01
6.336756000000e-01  1.936765500000e-01
P 1 1
2.820284000000e-01  1.000000000000e+00
P 1 1
1.133338000000e-01  1.000000000000e+00
P 1 1
4.394870000000e-02  1.000000000000e+00
D 6 1
6.131536960000e+01  3.387080100000e-04
1.237219580000e+01  1.378868400000e-02
6.925494500000e+00 -7.597960800000e-02
2.331954000000e+00  2.811378400000e-01
1.210873000000e+00  4.447451200000e-01
6.009048000000e-01  3.532687400000e-01
D 1 1
2.813587000000e-01  1.000000000000e+00
D 1 1
1.150000000000e-01  1.000000000000e+00
D 1 1
4.007130000000e-02  1.000000000000e+00
F 1 1
2.896200000000e-01  1.000000000000e+00
F 1 1
1.000000000000e+00  1.000000000000e+00
@END

@ATOMBASIS BI
S 4 1
7.164143531000e+02  3.125430700000e-04
8.380605900000e+01  1.762476900000e-03
2.111696290000e+01 -2.191098300000e-01
1.549144820000e+01  4.041122500000e-01
S 2 1
2.323985500000e+01 -6.825575900000e-02
6.647425500000e+00  9.788804600000e-01
S 1 1
1.761774400000e+00  1.000000000000e+00
S 1 1
8.725287000000e-01  1.000000000000e+00
S 1 1
2.561890000000e-01  1.000000000000e+00
S 1 1
9.707390000000e-02  1.000000000000e+00
S 1 1
3.580890000000e-02  1.000000000000e+00
P 3 1
1.524964470000e+01  7.456035600000e-01
1.484617610000e+01 -8.557863700000e-01
7.063682700000e+00  4.014916000000e-01
P 3 1
2.588125600000e+00  3.554273000000e-01
1.502020800000e+00  6.397699200000e-01
7.673272000000e-01  3.233277400000e-01
P 1 1
3.279765000000e-01  1.000000000000e+00
P 1 1
1.382034000000e-01  1.000000000000e+00
P 1 1
5.513730000000e-02  1.000000000000e+00
D 6 1
6.640448190000e+01  3.810287800000e-04
1.385842700000e+01  1.074615200000e-02
7.065451900000e+00 -7.194764700000e-02
2.525214400000e+00  2.619597500000e-01
1.341958500000e+00  4.259475000000e-01
6.834094000000e-01  3.368032600000e-01
D 1 1
3.293476000000e-01  1.000000000000e+00
D 1 1
1.400000000000e-01  1.000000000000e+00
D 1 1
5.019440000000e-02  1.000000000000e+00
F 1 1
3.127100000000e-01  1.000000000000e+00
F 1 1
1.050000000000e+00  1.000000000000e+00
@END

@ATOMBASIS PO
S 5 1
6.744821176500e+03  7.689155600000e-05
7.444189253000e+02  7.128482700000e-04
1.310402931000e+02  2.205758400000e-03
1.966202100000e+01 -6.436471400000e-01
1.662302560000e+01  9.199715100000e-01
S 2 1
2.309400300000e+01 -7.040441000000e-02
6.970739800000e+00  9.788654000000e-01
S 1 1
1.849737800000e+00  1.000000000000e+00
S 1 1
9.308300000000e-01  1.000000000000e+00
S 1 1
2.867303000000e-01  1.000000000000e+00
S 1 1
1.097921000000e-01  1.000000000000e+00
S 1 1
3.581250000000e-02  1.000000000000e+00
P 3 1
2.539902450000e+02  8.387636200000e-05
9.871271900000e+00  2.457271000000e-01
7.448989300000e+00 -4.429776400000e-01
P 4 1
8.902739500000e+00 -1.379825000000e-01
5.741466700000e+00  2.630400500000e-01
1.989633000000e+00  6.622584600000e-01
9.470321000000e-01  3.954705200000e-01
P 1 1
3.707114000000e-01  1.000000000000e+00
P 1 1
1.555471000000e-01  1.000000000000e+00
P 1 1
6.117370000000e-02  1.000000000000e+00
P 1 1
1.943770000000e-02  1.000000000000e+00
D 6 1
6.794307700000e+01  4.891912500000e-04
1.491421990000e+01  1.015712100000e-02
7.297394800000e+00 -6.994326300000e-02
2.682678400000e+00  2.624473100000e-01
1.437414300000e+00  4.270236100000e-01
7.390380000000e-01  3.250243500000e-01
D 1 1
3.583815000000e-01  1.000000000000e+00
D 1 1
1.500000000000e-01  1.000000000000e+00
D 1 1
5.171070000000e-02  1.000000000000e+00
F 1 1
3.327500000000e-01  1.000000000000e+00
F 1 1
1.400000000000e+00  1.000000000000e+00
@END

@ATOMBASIS AT
S 5 1
3.635980935600e+03  1.257146300000e-04
5.376412982000e+02  7.595088400000e-04
9.160003080000e+01  2.579098200000e-03
2.020000580000e+01 -5.477218800000e-01
1.689387380000e+01  7.841750800000e-01
S 2 1
1.817721690000e+01 -1.302362700000e-01
7.231785200000e+00  9.647356700000e-01
S 1 1
1.949620000000e+00  1.000000000000e+00
S 1 1
9.922670000000e-01  1.000000000000e+00
S 1 1
3.195718000000e-01  1.000000000000e+00
S 1 1
1.234254000000e-01  1.000000000000e+00
S 1 1
4.093640000000e-02  1.000000000000e+00
P 3 1
2.168151893000e+02  1.697529700000e-04
1.059229810000e+01  2.268375600000e-01
7.459658500000e+00 -4.733684800000e-01
P 4 1
8.948415600000e+00 -1.501295300000e-01
5.969459200000e+00  2.704814200000e-01
2.109908800000e+00  6.367121800000e-01
1.023637000000e+00  3.805747300000e-01
P 1 1
4.218636000000e-01  1.000000000000e+00
P 1 1
1.775713000000e-01  1.000000000000e+00
P 1 1
6.967090000000e-02  1.000000000000e+00
P 1 1
2.039790000000e-02  1.000000000000e+00
D 6 1
7.061963340000e+01  5.997402300000e-04
1.621209650000e+01  9.344595300000e-03
7.360740100000e+00 -7.074841400000e-02
2.930905300000e+00  2.403736600000e-01
1.608541500000e+00  4.184137300000e-01
8.419416000000e-01  3.283265100000e-01
D 1 1
4.133568000000e-01  1.000000000000e+00
D 1 1
1.740000000000e-01  1.000000000000e+00
D 1 1
5.978990000000e-02  1.000000000000e+00
F 1 1
3.740800000000e-01  1.000000000000e+00
F 1 1
1.800000000000e+00  1.000000000000e+00
@END

@ATOMBASIS RN
S 5 1
5.187744246800e+03  1.609703500000e-04
7.681449121000e+02  1.050821500000e-03
1.593518207000e+02  2.737543800000e-03
2.186343270000e+01 -5.504590500000e-01
1.838869000000e+01  7.832137400000e-01
S 2 1
2.481622640000e+01 -8.263679700000e-02
7.292330200000e+00  1.092625600000e+00
S 1 1
2.085043700000e+00  1.000000000000e+00
S 1 1
1.091524600000e+00  1.000000000000e+00
S 1 1
3.491571000000e-01  1.000000000000e+00
S 1 1
1.364842000000e-01  1.000000000000e+00
S 1 1
4.683760000000e-02  1.000000000000e+00
P 3 1
1.946891872000e+02  2.626581400000e-04
1.121001350000e+01  1.995230300000e-01
7.529831600000e+00 -4.599448000000e-01
P 4 1
9.084500000000e+00 -2.309391700000e-01
6.263149000000e+00  3.974761400000e-01
2.254519400000e+00  8.302669400000e-01
1.118066700000e+00  5.146701300000e-01
P 1 1
4.744449000000e-01  1.000000000000e+00
P 1 1
2.017235000000e-01  1.000000000000e+00
P 1 1
7.950310000000e-02  1.000000000000e+00
P 1 1
2.226450000000e-02  1.000000000000e+00
D 6 1
7.530272370000e+01  7.359023800000e-04
1.796591380000e+01  8.949082700000e-03
7.374129800000e+00 -7.664166400000e-02
3.229625900000e+00  2.297540500000e-01
1.793784100000e+00  4.399149500000e-01
9.463332000000e-01  3.525939500000e-01
D 1 1
4.686048000000e-01  1.000000000000e+00
D 1 1
2.000000000000e-01  1.000000000000e+00
D 1 1
6.881590000000e-02  1.000000000000e+00
F 1 1
4.180600000000e-01  1.000000000000e+00
F 1 1
2.100000000000e+00  1.000000000000e+00
@END
3b990831e13ab2237f3c92fd0ac5d96e