@BASIS_SET DEF2-SVP

@ATOMBASIS H
S 3 1
1.301070100000e+01  1.968215800000e-02
1.962257200000e+00  1.379652400000e-01
4.445380000000e-01  4.783193500000e-01
S 1 1
1.219496000000e-01  1.000000000000e+00
P 1 1
8.000000000000e-01  1.000000000000e+00
@END

@ATOMBASIS HE
S 3 1
3.835493670000e+01  2.381428900000e-02
5.768908100000e+00  1.549090700000e-01
1.239940700000e+00  4.699809700000e-01
S 1 1
2.975782000000e-01  1.000000000000e+00
P 1 1
1.000000000000e+00  1.000000000000e+00
@END

@ATOMBASIS LI
S 5 1
2.662778552000e+02  6.492015000000e-03
4.006978340000e+01  4.774786300000e-02
9.055994400000e+00  2.026879600000e-01
2.450300900000e+00  4.860657500000e-01
7.220957000000e-01  4.362697800000e-01
S 1 1
5.281090000000e-02  1.000000000000e+00
S 1 1
2.096090000000e-02  1.000000000000e+00
P 2 1
1.450000000000e+00  2.586000000000e-01
3.000000000000e-01  1.000000000000e+00
P 1 1
8.200000000000e-02  1.000000000000e+00
@END

@ATOMBASIS BE
S 5 1
5.151861613000e+02  5.561530800000e-03
7.751103760000e+01  4.119006800000e-02
1.755248170000e+01  1.791337800000e-01
4.802894100000e+00  4.473671600000e-01
1.451621400000e+00  4.200958200000e-01
S 1 1
1.328163000000e-01  1.000000000000e+00
S 1 1
4.583740000000e-02  1.000000000000e+00
P 3 1
3.631691700000e+00 -2.903399800000e-02
7.169569000000e-01 -1.687785400000e-01
1.954193000000e-01 -5.140342000000e-01
P 1 1
6.051550000000e-02  1.000000000000e+00
@END

@ATOMBASIS B
S 5 1
8.393183009000e+02 -5.592920100000e-03
1.262646484000e+02 -4.156552100000e-02
2.862060080000e+01 -1.829981700000e-01
7.879372300000e+00 -4.654039200000e-01
2.408885700000e+00 -4.417388500000e-01
S 1 1
2.510511000000e-01  1.000000000000e+00
S 1 1
8.364890000000e-02  1.000000000000e+00
P 3 1
6.033222400000e+00 -3.560367200000e-02
1.249915800000e+00 -1.989577600000e-01
3.387168000000e-01 -5.085020300000e-01
P 1 1
9.641560000000e-02  1.000000000000e+00
D 1 1
5.000000000000e-01  1.000000000000e+00
@END

@ATOMBASIS C
S 5 1
1.238401693800e+03  5.456883200000e-03
1.862900499000e+02  4.063840900000e-02
4.225117630000e+01  1.802559400000e-01
1.167655790000e+01  4.631512200000e-01
3.593050600000e+00  4.408717300000e-01
S 1 1
4.024515000000e-01  1.000000000000e+00
S 1 1
1.309018000000e-01  1.000000000000e+00
P 3 1
9.468097100000e+00  3.838787200000e-02
2.010354500000e+00  2.111702500000e-01
5.477100000000e-01  5.132817200000e-01
P 1 1
1.526861000000e-01  1.000000000000e+00
D 1 1
8.000000000000e-01  1.000000000000e+00
@END

@ATOMBASIS N
S 5 1
1.712841585300e+03 -5.393412500000e-03
2.576481268000e+02 -4.022158100000e-02
5.845824590000e+01 -1.793114500000e-01
1.619836790000e+01 -4.637631800000e-01
5.005260100000e+00 -4.417142300000e-01
S 1 1
5.873186000000e-01  1.000000000000e+00
S 1 1
1.876459000000e-01  1.000000000000e+00
P 3 1
1.357147020000e+01 -4.007239900000e-02
2.925737300000e+00 -2.180704500000e-01
7.992775000000e-01 -5.129446600000e-01
P 1 1
2.195435000000e-01  1.000000000000e+00
D 1 1
1.000000000000e+00  1.000000000000e+00
@END

@ATOMBASIS O
S 5 1
2.266176778500e+03 -5.343181000000e-03
3.408701019000e+02 -3.989003900000e-02
7.736313520000e+01 -1.785391200000e-01
2.147964490000e+01 -4.642768500000e-01
6.658943300000e+00 -4.430974500000e-01
S 1 1
8.097598000000e-01  1.000000000000e+00
S 1 1
2.553077000000e-01  1.000000000000e+00
P 3 1
1.772150430000e+01  4.339457300000e-02
3.863550500000e+00  2.309412100000e-01
1.048092100000e+00  5.137531100000e-01
P 1 1
2.764154000000e-01  1.000000000000e+00
D 1 1
1.200000000000e+00  1.000000000000e+00
@END

@ATOMBASIS F
S 5 1
2.894832599000e+03 -5.340825600000e-03
4.354193912000e+02 -3.990425900000e-02
9.884332890000e+01 -1.791276800000e-01
2.748519800000e+01 -4.675809100000e-01
8.540549800000e+00 -4.465313100000e-01
S 1 1
1.065457800000e+00  1.000000000000e+00
S 1 1
3.324735000000e-01  1.000000000000e+00
P 3 1
2.269663390000e+01 -4.521287400000e-02
4.987233900000e+00 -2.375431700000e-01
1.349161400000e+00 -5.128735400000e-01
P 1 1
3.482988000000e-01  1.000000000000e+00
D 1 1
1.400000000000e+00  1.000000000000e+00
@END

@ATOMBASIS NE
S 5 1
3.598973662500e+03 -5.325929700000e-03
5.413207311000e+02 -3.981741800000e-02
1.229045006000e+02 -1.791435800000e-01
3.421661700000e+01 -4.689358300000e-01
1.065058410000e+01 -4.478253800000e-01
S 1 1
1.354595400000e+00  1.000000000000e+00
S 1 1
4.191936000000e-01  1.000000000000e+00
P 3 1
2.842405380000e+01 -4.603194500000e-02
6.282251100000e+00 -2.399318300000e-01
1.697871500000e+00 -5.087172500000e-01
P 1 1
4.330070000000e-01  1.000000000000e+00
D 1 1
1.888000000000e+00  1.000000000000e+00
@END

@ATOMBASIS NA
S 5 1
4.098200390800e+03 -5.853591200000e-03
6.164937403000e+02 -4.364716200000e-02
1.399664400000e+02 -1.943146600000e-01
3.907344110000e+01 -4.868506600000e-01
1.192984720000e+01 -4.188170500000e-01
S 3 1
2.065996600000e+01  8.594969000000e-02
1.983886100000e+00 -5.635914400000e-01
6.483632000000e-01 -5.195400900000e-01
S 1 1
5.244400000000e-02  1.000000000000e+00
S 1 1
2.804820000000e-02  1.000000000000e+00
P 5 1
7.540186200000e+01  1.543536300000e-02
1.727481900000e+01  9.973829300000e-02
5.184234700000e+00  3.120959400000e-01
1.660121200000e+00  4.929567500000e-01
5.123253000000e-01  3.242039800000e-01
P 1 1
5.200000000000e-02  1.000000000000e+00
D 1 1
1.310000000000e-01  1.000000000000e+00
@END

@ATOMBASIS MG
S 5 1
4.953833919600e+03 -5.777896700000e-03
7.451804415000e+02 -4.312476100000e-02
1.692160497000e+02 -1.926821700000e-01
4.730067200000e+01 -4.864143900000e-01
1.446133700000e+01 -4.255089400000e-01
S 3 1
2.476817480000e+01  8.795697000000e-02
2.494094500000e+00 -5.516505800000e-01
8.780758000000e-01 -5.344329500000e-01
S 1 1
8.721280000000e-02  1.000000000000e+00
S 1 1
3.359930000000e-02  1.000000000000e+00
P 5 1
9.805301050000e+01 -1.448056500000e-02
2.258693230000e+01 -9.549575100000e-02
6.839151000000e+00 -3.078767300000e-01
2.233284400000e+00 -4.993629300000e-01
7.160660000000e-01 -3.150347600000e-01
P 1 1
1.891480000000e-01  1.000000000000e+00
P 1 1
5.376880000000e-02  1.000000000000e+00
D 1 1
1.010000000000e-01  1.000000000000e+00
@END

@ATOMBASIS AL
S 5 1
5.887572703000e+03  1.348334800000e-03
8.856122600000e+02  1.007157700000e-02
2.011360490000e+02  4.513245400000e-02
5.628497470000e+01  1.146126800000e-01
1.722955120000e+01  1.015960900000e-01
S 3 1
2.934024990000e+01  6.934745400000e-02
3.043963000000e+00 -4.252811800000e-01
1.128554000000e+00 -4.144983200000e-01
S 1 1
1.423418000000e-01  1.000000000000e+00
S 1 1
5.440020000000e-02  1.000000000000e+00
P 5 1
1.451191881000e+02  6.396337300000e-03
3.371789480000e+01  4.418936000000e-02
1.036986310000e+01  1.558157600000e-01
3.513561600000e+00  2.863528700000e-01
1.198005000000e+00  2.292142300000e-01
P 1 1
2.658301000000e-01  1.000000000000e+00
P 1 1
7.100340000000e-02  1.000000000000e+00
D 1 1
3.000000000000e-01  1.000000000000e+00
@END

@ATOMBASIS SI
S 5 1
6.903711868600e+03  1.337396300000e-03
1.038434641900e+03  9.996654600000e-03
2.358758148000e+02  4.491016500000e-02
6.606938520000e+01  1.146363900000e-01
2.024794580000e+01  1.028006400000e-01
S 3 1
3.435348170000e+01  7.083728500000e-02
3.637078800000e+00 -4.302883600000e-01
1.400204900000e+00 -4.138277500000e-01
S 1 1
2.048441000000e-01  1.000000000000e+00
S 1 1
7.799410000000e-02  1.000000000000e+00
P 5 1
1.798390737000e+02  6.191665600000e-03
4.190725880000e+01  4.339943200000e-02
1.295529440000e+01  1.563201900000e-01
4.438326700000e+00  2.941999700000e-01
1.546224800000e+00  2.353682400000e-01
P 1 1
3.560761000000e-01  1.000000000000e+00
P 1 1
1.000851000000e-01  1.000000000000e+00
D 1 1
3.500000000000e-01  1.000000000000e+00
@END

@ATOMBASIS P
S 5 1
8.002479510600e+03  5.750348900000e-03
1.203681359000e+03  4.300762900000e-02
2.734422703000e+02  1.936398600000e-01
7.665554150000e+01  4.965169300000e-01
2.351692740000e+01  4.498326200000e-01
S 3 1
3.979168340000e+01  9.518813000000e-02
4.277034300000e+00 -5.764984000000e-01
1.694025700000e+00 -5.423958400000e-01
S 1 1
2.756767000000e-01  1.000000000000e+00
S 1 1
1.049559000000e-01  1.000000000000e+00
P 5 1
2.195075582000e+02  9.210056500000e-03
5.127415500000e+01  6.540976600000e-02
1.592159590000e+01  2.403373000000e-01
5.506991300000e+00  4.631832200000e-01
1.953771900000e+00  3.739256300000e-01
P 1 1
4.780340000000e-01  1.000000000000e+00
P 1 1
1.365795000000e-01  1.000000000000e+00
D 1 1
4.500000000000e-01  1.000000000000e+00
@END

@ATOMBASIS S
S 5 1
9.184930301000e+03 -2.229438800000e-03
1.381510550300e+03 -1.668303000000e-02
3.138714758000e+02 -7.526243600000e-02
8.805387060000e+01 -1.937682700000e-01
2.703991490000e+01 -1.771802100000e-01
S 3 1
4.564873130000e+01 -1.073606300000e-01
4.966452200000e+00  6.506629300000e-01
2.011624200000e+00  5.971215500000e-01
S 1 1
3.566108000000e-01  1.000000000000e+00
S 1 1
1.350722000000e-01  1.000000000000e+00
P 5 1
2.619823344000e+02 -9.272993000000e-03
6.130689470000e+01 -6.654766900000e-02
1.910372990000e+01 -2.482859600000e-01
6.656772000000e+00 -4.870384700000e-01
2.395963500000e+00 -3.933785000000e-01
P 1 1
6.177616000000e-01  1.000000000000e+00
P 1 1
1.699338000000e-01  1.000000000000e+00
D 1 1
5.500000000000e-01  1.000000000000e+00
@END

@ATOMBASIS CL
S 5 1
1.044982756600e+04  1.970836200000e-03
1.571736522100e+03  1.475472800000e-02
3.571206552000e+02  6.667911300000e-02
1.002518594000e+02  1.722892400000e-01
3.081272760000e+01  1.588378600000e-01
S 3 1
5.192378940000e+01 -1.000929900000e-01
5.704576100000e+00  6.084175300000e-01
2.350837700000e+00  5.435215300000e-01
S 1 1
4.460512000000e-01  1.000000000000e+00
S 1 1
1.684886000000e-01  1.000000000000e+00
P 5 1
3.076679057000e+02 -8.780148400000e-03
7.210201550000e+01 -6.356335500000e-02
2.253268030000e+01 -2.401642800000e-01
7.899176500000e+00 -4.779886700000e-01
2.876726800000e+00 -3.851585000000e-01
P 1 1
7.745936000000e-01  1.000000000000e+00
P 1 1
2.103770000000e-01  1.000000000000e+00
D 1 1
6.500000000000e-01  1.000000000000e+00
@END

@ATOMBASIS AR
S 5 1
1.179711976500e+04  2.021448000000e-03
1.774352275300e+03  1.513985300000e-02
4.031887573000e+02  6.852540100000e-02
1.132493400000e+02  1.776292900000e-01
3.483529820000e+01  1.649649500000e-01
S 3 1
5.861477500000e+01 -1.034339400000e-01
6.492204500000e+00  6.313336600000e-01
2.711701400000e+00  5.488757200000e-01
S 1 1
5.441297000000e-01  1.000000000000e+00
S 1 1
2.051741000000e-01  1.000000000000e+00
P 5 1
3.562870726000e+02 -8.732178300000e-03
8.359313290000e+01 -6.368031700000e-02
2.618670400000e+01 -2.431190700000e-01
9.225727600000e+00 -4.895607000000e-01
3.392275500000e+00 -3.922919000000e-01
P 1 1
9.474053000000e-01  1.000000000000e+00
P 1 1
2.565914000000e-01  1.000000000000e+00
D 1 1
6.960000000000e-01  1.000000000000e+00
@END

@ATOMBASIS K
S 6 1
3.147874676400e+04  3.983865400000e-03
4.726887606600e+03  3.050176000000e-02
1.075434535300e+03  1.507375300000e-01
3.033981102000e+02  5.191294000000e-01
9.832711280000e+01  1.036695700000e+00
3.363622220000e+01  7.639896300000e-01
S 3 1
6.563921000000e+01 -2.824261700000e-01
7.316259200000e+00  1.691493600000e+00
2.890258000000e+00  1.296533200000e+00
S 3 1
4.545974900000e+00 -7.634355500000e-03
7.040412000000e-01  2.563571900000e-02
2.826689000000e-01  1.660685900000e-02
S 1 1
2.905820000000e-02  1.000000000000e+00
S 1 1
1.211160000000e-02  1.000000000000e+00
P 5 1
3.612249215000e+02  2.090648000000e-02
8.467022220000e+01  1.504364200000e-01
2.646908820000e+01  5.544006100000e-01
9.265807800000e+00  1.040901000000e+00
3.342338800000e+00  6.782534100000e-01
P 3 1
1.510087600000e+00  7.524819100000e-01
5.656838000000e-01  1.370858500000e+00
2.081701000000e-01  6.604763300000e-01
P 1 1
4.173700000000e-02  1.000000000000e+00
D 1 1
3.530000000000e-01  1.000000000000e+00
D 1 1
9.800000000000e-02  1.000000000000e+00
@END

@ATOMBASIS CA
S 6 1
3.513871392900e+04  3.948252100000e-03
5.276411134800e+03  3.023424400000e-02
1.200469258900e+03  1.495202000000e-01
3.387181054000e+02  5.159734600000e-01
1.098538592000e+02  1.033951000000e+00
3.760888030000e+01  7.693793400000e-01
S 3 1
7.310797760000e+01 -2.826852500000e-01
8.240770600000e+00  1.679609200000e+00
3.295981300000e+00  1.280376600000e+00
S 3 1
5.234180100000e+00 -7.686860500000e-03
8.418722000000e-01  2.538237600000e-02
3.651029000000e-01  1.651217200000e-02
S 1 1
5.122240000000e-02  1.000000000000e+00
S 1 1
1.982510000000e-02  1.000000000000e+00
P 5 1
4.131131389000e+02  2.032713500000e-02
9.693578620000e+01  1.473027600000e-01
3.037215470000e+01  5.488716700000e-01
1.068477680000e+01  1.044066000000e+00
3.882125800000e+00  6.865349100000e-01
P 3 1
1.799301600000e+00  7.541024700000e-01
6.918906000000e-01  1.340929700000e+00
2.636402000000e-01  5.639198900000e-01
P 1 1
7.497900000000e-02  1.000000000000e+00
D 3 1
5.497909400000e+00  7.377001100000e-02
1.317712800000e+00  2.605285300000e-01
3.218868000000e-01  4.523383600000e-01
D 1 1
7.052860000000e-02  1.000000000000e+00
@END

@ATOMBASIS SC
S 6 1
3.895608180400e+04  3.929320600000e-03
5.849573363700e+03  3.009322100000e-02
1.330881315400e+03  1.489037100000e-01
3.755553417000e+02  5.146428300000e-01
1.218726137000e+02  1.033770800000e+00
4.176024370000e+01  7.743685200000e-01
S 3 1
8.106063400000e+01 -2.831855200000e-01
9.205982400000e+00  1.677080700000e+00
3.706321600000e+00  1.259473400000e+00
S 3 1
5.988891000000e+00 -7.782136700000e-03
9.736343000000e-01  2.549969300000e-02
4.204102000000e-01  1.619156100000e-02
S 1 1
5.944060000000e-02  1.000000000000e+00
S 1 1
2.289780000000e-02  1.000000000000e+00
P 5 1
4.663148126000e+02  1.998430000000e-02
1.095121710000e+02  1.456104300000e-01
3.437592180000e+01  5.468746600000e-01
1.214209700000e+01  1.047900600000e+00
4.433676800000e+00  6.889489000000e-01
P 3 1
2.097129200000e+00  7.561921500000e-01
8.097761000000e-01  1.317821200000e+00
3.083405000000e-01  5.431226800000e-01
P 1 1
8.974800000000e-02  1.000000000000e+00
D 4 1
1.924033490000e+01  2.703908200000e-02
5.117899600000e+00  1.380368500000e-01
1.655427900000e+00  3.486908600000e-01
5.401636000000e-01  4.859418600000e-01
D 1 1
1.621121000000e-01  1.000000000000e+00
F 1 1
3.450000000000e-01  1.000000000000e+00
@END

@ATOMBASIS TI
S 6 1
4.296151218500e+04  3.912763500000e-03
6.450975916900e+03  2.996982000000e-02
1.467721091500e+03  1.483635300000e-01
4.142099735000e+02  5.134728500000e-01
1.344871584000e+02  1.033536500000e+00
4.612220980000e+01  7.785423400000e-01
S 3 1
8.944776250000e+01 -2.838540100000e-01
1.022334610000e+01  1.677278500000e+00
4.135377400000e+00  1.241192800000e+00
S 3 1
6.789618100000e+00 -7.839999500000e-03
1.110673100000e+00  2.549549300000e-02
4.756598000000e-01  1.606117300000e-02
S 1 1
6.598700000000e-02  1.000000000000e+00
S 1 1
2.521030000000e-02  1.000000000000e+00
P 5 1
5.220368478000e+02  1.975418000000e-02
1.226864949000e+02  1.446067800000e-01
3.857290360000e+01  5.466900400000e-01
1.367216930000e+01  1.053164800000e+00
5.011852900000e+00  6.911121300000e-01
P 3 1
2.413192800000e+00  7.580343700000e-01
9.325227000000e-01  1.303624100000e+00
3.542906000000e-01  5.363865300000e-01
P 1 1
1.015610000000e-01  1.000000000000e+00
D 4 1
2.346512600000e+01  2.653638000000e-02
6.333259400000e+00  1.379645400000e-01
2.076649000000e+00  3.531264400000e-01
6.902736000000e-01  4.864712400000e-01
D 1 1
2.108874000000e-01  1.000000000000e+00
F 1 1
5.620000000000e-01  1.000000000000e+00
@END

@ATOMBASIS V
S 6 1
4.716037606000e+04  1.449868900000e-03
7.081411087100e+03  1.110643500000e-02
1.611162122300e+03  5.500542400000e-02
4.547294055000e+02  1.906025300000e-01
1.477132121000e+02  3.843502300000e-01
5.069953890000e+01  2.909554700000e-01
S 3 1
9.826249270000e+01 -1.094233800000e-01
1.129429310000e+01  6.453949000000e-01
4.585336000000e+00  4.711788100000e-01
S 3 1
7.635969000000e+00 -2.245494900000e-01
1.253983700000e+00  7.259485300000e-01
5.327194000000e-01  4.556058300000e-01
S 1 1
7.224620000000e-02  1.000000000000e+00
S 1 1
2.735810000000e-02  1.000000000000e+00
P 5 1
5.805504499000e+02  9.731511100000e-03
1.365234113000e+02  7.153124100000e-02
4.298395880000e+01  2.719768800000e-01
1.528279880000e+01  5.261898900000e-01
5.620249500000e+00  3.445253300000e-01
P 3 1
2.748538600000e+00  3.404039600000e-01
1.061855000000e+00  5.798399600000e-01
4.023552000000e-01  2.391164300000e-01
P 1 1
1.112480000000e-01  1.000000000000e+00
D 4 1
2.735843400000e+01  2.664192700000e-02
7.454060400000e+00  1.399531200000e-01
2.463391800000e+00  3.575106700000e-01
8.248093000000e-01  4.848835400000e-01
D 1 1
2.525790000000e-01  1.000000000000e+00
F 1 1
8.310000000000e-01  1.000000000000e+00
@END

@ATOMBASIS CR
S 6 1
5.152808634900e+04  1.440582300000e-03
7.737210348700e+03  1.103620200000e-02
1.760374847000e+03  5.467665200000e-02
4.968770654000e+02  1.896503800000e-01
1.614652060000e+02  3.829541300000e-01
5.546635230000e+01  2.909005100000e-01
S 3 1
1.075473300000e+02 -1.093228100000e-01
1.240867190000e+01  6.447259900000e-01
5.042362900000e+00  4.626271300000e-01
S 3 1
8.546164000000e+00 -2.271101300000e-01
1.390044100000e+00  7.330152800000e-01
5.606660000000e-01  4.422556500000e-01
S 1 1
7.148370000000e-02  1.000000000000e+00
S 1 1
2.825070000000e-02  1.000000000000e+00
P 5 1
6.404853610000e+02  9.612671500000e-03
1.506971119000e+02  7.088983500000e-02
4.750375530000e+01  2.706525900000e-01
1.693412020000e+01  5.243734300000e-01
6.240968100000e+00  3.410799500000e-01
P 3 1
3.088546300000e+00  3.397398700000e-01
1.179104800000e+00  5.727206300000e-01
4.336977000000e-01  2.458272800000e-01
P 1 1
1.206750000000e-01  1.000000000000e+00
D 4 1
2.755947940000e+01  3.061248800000e-02
7.468702000000e+00  1.559327100000e-01
2.434590400000e+00  3.698442100000e-01
7.824475000000e-01  4.707111800000e-01
D 1 1
2.199577000000e-01  1.000000000000e+00
F 1 1
1.147000000000e+00  1.000000000000e+00
@END

@ATOMBASIS MN
S 6 1
5.613700903700e+04  1.432130500000e-03
8.429206394300e+03  1.097250900000e-02
1.917827723300e+03  5.438246900000e-02
5.413623020000e+02  1.888433500000e-01
1.760006914000e+02  3.819802500000e-01
6.050047700000e+01  2.915677300000e-01
S 3 1
1.171728288000e+02 -1.093366100000e-01
1.359697340000e+01  6.430503900000e-01
5.548399600000e+00  4.584897100000e-01
S 3 1
9.466285400000e+00 -2.253897700000e-01
1.559500600000e+00  7.230775900000e-01
6.523021000000e-01  4.530072200000e-01
S 1 1
8.400370000000e-02  1.000000000000e+00
S 1 1
3.125610000000e-02  1.000000000000e+00
P 5 1
7.060049753000e+02  9.505551800000e-03
1.661972882000e+02  7.035627100000e-02
5.245206190000e+01  2.700555700000e-01
1.874693290000e+01  5.257434500000e-01
6.928299200000e+00  3.425403300000e-01
P 3 1
3.477220500000e+00  3.399407400000e-01
1.340690600000e+00  5.720383600000e-01
5.049880000000e-01  2.384760600000e-01
P 1 1
1.276500000000e-01  1.000000000000e+00
D 4 1
3.542326490000e+01  2.698530400000e-02
9.781422100000e+00  1.438345900000e-01
3.267348900000e+00  3.641895800000e-01
1.102647200000e+00  4.815267100000e-01
D 1 1
3.374321000000e-01  1.000000000000e+00
F 1 1
1.326000000000e+00  1.000000000000e+00
@END

@ATOMBASIS FE
S 6 1
6.092364064300e+04  1.430225400000e-03
9.147889398200e+03  1.095879000000e-02
2.081350592700e+03  5.433255400000e-02
5.875597707000e+02  1.888499500000e-01
1.910904399000e+02  3.825307000000e-01
6.573273010000e+01  2.930833600000e-01
S 3 1
1.272589193000e+02 -1.096456500000e-01
1.483091300000e+01  6.438763100000e-01
6.065330700000e+00  4.547234700000e-01
S 3 1
1.044994370000e+01 -2.253964000000e-01
1.724522800000e+00  7.216439800000e-01
7.177218000000e-01  4.498549300000e-01
S 1 1
9.144980000000e-02  1.000000000000e+00
S 1 1
3.370670000000e-02  1.000000000000e+00
P 5 1
7.734375100000e+02  9.432573500000e-03
1.821514971000e+02  7.002962100000e-02
5.754727280000e+01  2.699365200000e-01
2.061498890000e+01  5.270001100000e-01
7.634855800000e+00  3.428414800000e-01
P 3 1
3.871932800000e+00  3.397440300000e-01
1.492472400000e+00  5.684259400000e-01
5.606128000000e-01  2.364936600000e-01
P 1 1
1.349150000000e-01  1.000000000000e+00
D 4 1
3.896813340000e+01  2.787966400000e-02
1.080006710000e+01  1.485832000000e-01
3.613645800000e+00  3.690547900000e-01
1.212996800000e+00  4.774510100000e-01
D 1 1
3.652439000000e-01  1.000000000000e+00
F 1 1
1.598000000000e+00  1.000000000000e+00
@END

@ATOMBASIS CO
S 6 1
6.590220825700e+04  1.428461500000e-03
9.895389602700e+03  1.094607300000e-02
2.251430578900e+03  5.428595400000e-02
6.356109708000e+02  1.888517900000e-01
2.067882068000e+02  3.830163500000e-01
7.117924300000e+01  2.944355100000e-01
S 3 1
1.377726804000e+02 -1.099022200000e-01
1.611807920000e+01  6.445553700000e-01
6.603032800000e+00  4.511678800000e-01
S 3 1
1.147991580000e+01 -2.259384700000e-01
1.895642600000e+00  7.223140900000e-01
7.846623000000e-01  4.490381200000e-01
S 1 1
9.842580000000e-02  1.000000000000e+00
S 1 1
3.594570000000e-02  1.000000000000e+00
P 5 1
8.436435858000e+02  9.386609700000e-03
1.987638699000e+02  6.988020900000e-02
6.285496310000e+01  2.703707000000e-01
2.256284230000e+01  5.290478700000e-01
8.371320900000e+00  3.435703000000e-01
P 3 1
4.285872000000e+00  3.402799900000e-01
1.650804200000e+00  5.669339200000e-01
6.183423000000e-01  2.361798000000e-01
P 1 1
1.413080000000e-01  1.000000000000e+00
D 4 1
4.292786760000e+01  2.848778800000e-02
1.194253310000e+01  1.520695100000e-01
4.004649600000e+00  3.731091400000e-01
1.341319400000e+00  4.754983800000e-01
D 1 1
4.001501000000e-01  1.000000000000e+00
F 1 1
1.903000000000e+00  1.000000000000e+00
@END

@ATOMBASIS NI
S 6 1
7.107480321100e+04  1.426038700000e-03
1.067202094100e+04  1.092823700000e-02
2.428138900700e+03  5.421262700000e-02
6.855359515000e+02  1.887476900000e-01
2.231007286000e+02  3.832461700000e-01
7.684201400000e+01  2.955063700000e-01
S 3 1
1.487112202000e+02 -1.101444300000e-01
1.745915500000e+01  6.452142700000e-01
7.162528100000e+00  4.479783800000e-01
S 3 1
1.255613710000e+01 -2.264540300000e-01
2.073574000000e+00  7.232095900000e-01
8.538264000000e-01  4.486802600000e-01
S 1 1
1.053677000000e-01  1.000000000000e+00
S 1 1
3.813410000000e-02  1.000000000000e+00
P 5 1
9.167360866000e+02  9.343963600000e-03
2.160613991000e+02  6.973737500000e-02
6.838391480000e+01  2.707349500000e-01
2.459384400000e+01  5.307830200000e-01
9.139296000000e+00  3.441022900000e-01
P 3 1
4.719337200000e+00  3.407608200000e-01
1.816184900000e+00  5.658017000000e-01
6.784075000000e-01  2.361671700000e-01
P 1 1
1.465880000000e-01  1.000000000000e+00
D 4 1
4.709383210000e+01  2.898231700000e-02
1.314646400000e+01  1.549499600000e-01
4.417054900000e+00  3.763311500000e-01
1.477156500000e+00  4.736509600000e-01
D 1 1
4.373592000000e-01  1.000000000000e+00
F 1 1
2.174000000000e+00  1.000000000000e+00
@END

@ATOMBASIS CU
S 6 1
7.638134805600e+04  1.433608000000e-03
1.146877749900e+04  1.098675000000e-02
2.609424649500e+03  5.451365200000e-02
7.367503310000e+02  1.899012800000e-01
2.398241996000e+02  3.858195900000e-01
8.265682930000e+01  2.979060700000e-01
S 3 1
1.601354420000e+02 -1.114677900000e-01
1.883417770000e+01  6.534930100000e-01
7.717659600000e+00  4.477053400000e-01
S 3 1
1.371084670000e+01 -2.287091100000e-01
2.234989600000e+00  7.346442300000e-01
8.781836000000e-01  4.327307100000e-01
S 1 1
8.718750000000e-02  1.000000000000e+00
S 1 1
3.296910000000e-02  1.000000000000e+00
P 5 1
9.912407578000e+02  9.387849900000e-03
2.336937612000e+02  7.020828200000e-02
7.402093090000e+01  2.732352200000e-01
2.666496740000e+01  5.358079300000e-01
9.919208700000e+00  3.457579500000e-01
P 3 1
5.151955400000e+00  3.422910800000e-01
1.963820600000e+00  5.645659200000e-01
7.156010000000e-01  2.407858400000e-01
P 1 1
1.550650000000e-01  1.000000000000e+00
D 4 1
4.733504960000e+01  3.237554800000e-02
1.316166610000e+01  1.681021900000e-01
4.369377700000e+00  3.847770800000e-01
1.413292500000e+00  4.614788000000e-01
D 1 1
3.887800000000e-01  1.000000000000e+00
F 1 1
2.233000000000e+00  1.000000000000e+00
@END

@ATOMBASIS ZN
S 6 1
8.200071162900e+04  1.421076400000e-03
1.231247177700e+04  1.089149900000e-02
2.801394419300e+03  5.405718800000e-02
7.909942430000e+02  1.884746400000e-01
2.575655108000e+02  3.834654900000e-01
8.881493340000e+01  2.972379400000e-01
S 3 1
1.718635372000e+02 -1.105185000000e-01
2.030253480000e+01  6.460771700000e-01
8.346412300000e+00  4.422011700000e-01
S 3 1
1.484753690000e+01 -2.270530900000e-01
2.449503000000e+00  7.243321800000e-01
9.984582000000e-01  4.483649600000e-01
S 1 1
1.189131000000e-01  1.000000000000e+00
S 1 1
4.229740000000e-02  1.000000000000e+00
P 5 1
1.071518537200e+03  9.276779700000e-03
2.526971215000e+02  6.954114900000e-02
8.010082910000e+01  2.715677300000e-01
2.890339320000e+01  5.340135600000e-01
1.076889990000e+01  3.450132300000e-01
P 3 1
5.644621300000e+00  3.412960000000e-01
2.167829100000e+00  5.639052200000e-01
8.054090000000e-01  2.367611000000e-01
P 1 1
1.624550000000e-01  1.000000000000e+00
D 4 1
5.608893920000e+01  2.958886900000e-02
1.575190890000e+01  1.587257100000e-01
5.311581200000e+00  3.797622900000e-01
1.773790500000e+00  4.689895900000e-01
D 1 1
5.197558000000e-01  1.000000000000e+00
F 1 1
2.614000000000e+00  1.000000000000e+00
@END

@ATOMBASIS GA
S 6 1
8.784212629600e+04  1.427158900000e-03
1.318949640200e+04  1.093889400000e-02
3.000948214100e+03  5.430820000000e-02
8.473842597000e+02  1.895105600000e-01
2.760098064000e+02  3.861518600000e-01
9.521667210000e+01  3.005108300000e-01
S 3 1
1.840070397000e+02 -1.112446200000e-01
2.182705140000e+01  6.483132300000e-01
9.002696400000e+00  4.435838400000e-01
S 3 1
1.603317690000e+01 -2.301430000000e-01
2.670772500000e+00  7.294686200000e-01
1.125283400000e+00  4.621497700000e-01
S 1 1
1.596761000000e-01  1.000000000000e+00
S 1 1
5.764300000000e-02  1.000000000000e+00
P 5 1
1.167266584400e+03  9.097402100000e-03
2.753806279000e+02  6.845627300000e-02
8.737507310000e+01  2.692229400000e-01
3.159725470000e+01  5.350789800000e-01
1.182412280000e+01  3.527906300000e-01
P 3 1
6.288184500000e+00  3.393824500000e-01
2.519985300000e+00  5.687194800000e-01
1.016972600000e+00  2.771769500000e-01
P 1 1
2.474837000000e-01  1.000000000000e+00
P 1 1
6.668530000000e-02  1.000000000000e+00
D 4 1
6.535423770000e+01  2.737014600000e-02
1.850465670000e+01  1.509946400000e-01
6.317962100000e+00  3.748532900000e-01
2.164138900000e+00  4.751060700000e-01
D 1 1
6.669309000000e-01  1.000000000000e+00
D 1 1
2.070000000000e-01  1.000000000000e+00
@END

@ATOMBASIS GE
S 6 1
9.388983664200e+04  1.423397600000e-03
1.409749752800e+04  1.091079600000e-02
3.207547730900e+03  5.418370600000e-02
9.057672727000e+02  1.892282000000e-01
2.951101469000e+02  3.861284700000e-01
1.018471314000e+02  3.016405100000e-01
S 3 1
1.965671966000e+02 -1.111877100000e-01
2.340529250000e+01  6.461600700000e-01
9.683911700000e+00  4.418890500000e-01
S 3 1
1.726973650000e+01 -2.302742100000e-01
2.896462200000e+00  7.301716900000e-01
1.255362100000e+00  4.619722200000e-01
S 1 1
2.021308000000e-01  1.000000000000e+00
S 1 1
7.386790000000e-02  1.000000000000e+00
P 5 1
1.259208599500e+03  9.011546400000e-03
2.971562638000e+02  6.798684200000e-02
9.435338750000e+01  2.685385600000e-01
3.417632970000e+01  5.365964900000e-01
1.281613960000e+01  3.563351500000e-01
P 3 1
6.847103000000e+00  3.390069300000e-01
2.771736400000e+00  5.680936500000e-01
1.145841800000e+00  2.724654000000e-01
P 1 1
3.067963000000e-01  1.000000000000e+00
P 1 1
8.928360000000e-02  1.000000000000e+00
D 4 1
7.478216820000e+01  2.575586000000e-02
2.131084980000e+01  1.453681600000e-01
7.346479200000e+00  3.713421000000e-01
2.565627100000e+00  4.800299800000e-01
D 1 1
8.198177000000e-01  1.000000000000e+00
D 1 1
2.460000000000e-01  1.000000000000e+00
@END

@ATOMBASIS AS
S 6 1
1.001465255400e+05  1.425835000000e-03
1.503686171100e+04  1.093017700000e-02
3.421290283300e+03  5.429417500000e-02
9.661696572000e+02  1.897607800000e-01
3.148739403000e+02  3.877519500000e-01
1.087082379000e+02  3.040281200000e-01
S 3 1
2.095423895000e+02 -1.116209400000e-01
2.503822110000e+01  6.469760800000e-01
1.039096430000e+01  4.422360900000e-01
S 3 1
1.855509010000e+01 -2.299419100000e-01
3.128121700000e+00  7.331910800000e-01
1.388488500000e+00  4.553365400000e-01
S 1 1
2.471436000000e-01  1.000000000000e+00
S 1 1
9.142940000000e-02  1.000000000000e+00
P 5 1
1.355644350700e+03  8.918250800000e-03
3.199992927000e+02  6.745475100000e-02
1.016773409000e+02  2.675977200000e-01
3.688632380000e+01  5.377684500000e-01
1.386111590000e+01  3.599257000000e-01
P 3 1
7.426066700000e+00  3.403685000000e-01
3.031624700000e+00  5.703014900000e-01
1.278307800000e+00  2.660617000000e-01
P 1 1
3.756850000000e-01  1.000000000000e+00
P 1 1
1.139481000000e-01  1.000000000000e+00
D 4 1
8.444551450000e+01  2.451840300000e-02
2.419041610000e+01  1.410745500000e-01
8.404501500000e+00  3.687522900000e-01
2.980897100000e+00  4.840956100000e-01
D 1 1
9.790924000000e-01  1.000000000000e+00
D 1 1
2.930000000000e-01  1.000000000000e+00
@END

@ATOMBASIS SE
S 6 1
1.066122002700e+05  1.427488900000e-03
1.600760470100e+04  1.094352500000e-02
3.642169970700e+03  5.437417200000e-02
1.028591299300e+03  1.901809300000e-01
3.353029889000e+02  3.891302200000e-01
1.158012915000e+02  3.062020700000e-01
S 3 1
2.229332502000e+02 -1.119880800000e-01
2.672625790000e+01  6.475212400000e-01
1.112450190000e+01  4.424197700000e-01
S 3 1
1.988852010000e+01 -2.285722800000e-01
3.366847400000e+00  7.359136000000e-01
1.524927800000e+00  4.433020000000e-01
S 1 1
2.963004000000e-01  1.000000000000e+00
S 1 1
1.100929000000e-01  1.000000000000e+00
P 5 1
1.455906812000e+03  8.820359700000e-03
3.437510183000e+02  6.687585200000e-02
1.092955496000e+02  2.664057800000e-01
3.970771100000e+01  5.383492800000e-01
1.495018520000e+01  3.630328200000e-01
P 3 1
8.020896200000e+00  3.415380700000e-01
3.293465000000e+00  5.725790700000e-01
1.405860200000e+00  2.554981300000e-01
P 1 1
4.507612000000e-01  1.000000000000e+00
P 1 1
1.335341000000e-01  1.000000000000e+00
D 4 1
9.449402400000e+01  2.349010100000e-02
2.718818530000e+01  1.374773600000e-01
9.509156700000e+00  3.664992900000e-01
3.417051700000e+00  4.875099000000e-01
D 1 1
1.147959000000e+00  1.000000000000e+00
D 1 1
3.380000000000e-01  1.000000000000e+00
@END

@ATOMBASIS BR
S 6 1
1.132863877600e+05  1.428303800000e-03
1.700962630300e+04  1.095041700000e-02
3.870184256700e+03  5.442100700000e-02
1.093035722700e+03  1.904790800000e-01
3.563972180000e+02  3.902464300000e-01
1.231253964000e+02  3.081443300000e-01
S 3 1
2.367408401000e+02 -1.122806600000e-01
2.846866110000e+01  6.477596200000e-01
1.188344370000e+01  4.423557600000e-01
S 3 1
2.126963330000e+01 -2.264257600000e-01
3.612922700000e+00  7.382371200000e-01
1.662664900000e+00  4.268386900000e-01
S 1 1
3.482379000000e-01  1.000000000000e+00
S 1 1
1.301903000000e-01  1.000000000000e+00
P 5 1
1.560280188100e+03  8.716666900000e-03
3.684785920000e+02  6.624363700000e-02
1.172297885000e+02  2.649561000000e-01
4.264890920000e+01  5.383916100000e-01
1.608722510000e+01  3.657938800000e-01
P 3 1
8.635281000000e+00  3.424878700000e-01
3.561366600000e+00  5.750067800000e-01
1.529262700000e+00  2.433039400000e-01
P 1 1
5.306429000000e-01  1.000000000000e+00
P 1 1
1.570276000000e-01  1.000000000000e+00
D 4 1
1.048551864000e+02  2.265014800000e-02
3.028114370000e+01  1.345548300000e-01
1.065139430000e+01  3.647445500000e-01
3.869945600000e+00  4.904458700000e-01
D 1 1
1.324087700000e+00  1.000000000000e+00
D 1 1
3.890000000000e-01  1.000000000000e+00
@END

@ATOMBASIS KR
S 6 1
1.201656487500e+05  1.429423400000e-03
1.804250016900e+04  1.095959700000e-02
4.105180038800e+03  5.447964700000e-02
1.159444724800e+03  1.908123900000e-01
3.781381035000e+02  3.914044600000e-01
1.306761005000e+02  3.100734700000e-01
S 3 1
2.509637335000e+02 -1.125860400000e-01
3.026593040000e+01  6.481632300000e-01
1.266811080000e+01  4.424023900000e-01
S 3 1
2.269794010000e+01 -2.239196500000e-01
3.867301700000e+00  7.406095300000e-01
1.801370700000e+00  4.080365800000e-01
S 1 1
4.030864000000e-01  1.000000000000e+00
S 1 1
1.517053000000e-01  1.000000000000e+00
P 5 1
1.668573662300e+03  8.621501000000e-03
3.941386280000e+02  6.566550700000e-02
1.254664485000e+02  2.636657700000e-01
4.570499270000e+01  5.386765900000e-01
1.727013320000e+01  3.686516800000e-01
P 3 1
9.269948800000e+00  3.434618900000e-01
3.836461800000e+00  5.778477600000e-01
1.646716300000e+00  2.307561500000e-01
P 1 1
6.147969000000e-01  1.000000000000e+00
P 1 1
1.831947000000e-01  1.000000000000e+00
D 4 1
1.155586860000e+02  2.194548500000e-02
3.347798590000e+01  1.321121300000e-01
1.183445020000e+01  3.633330700000e-01
4.340825500000e+00  4.930048400000e-01
D 1 1
1.507927300000e+00  1.000000000000e+00
D 1 1
4.430000000000e-01  1.000000000000e+00
@END

@ATOMBASIS RB
S 3 1
4.668788500000e+00  2.900852700000e-01
2.944242800000e+00 -6.774009000000e-01
5.817126000000e-01  4.571238900000e-01
S 1 1
4.514793000000e-01  1.000000000000e+00
S 1 1
2.160492000000e-01  1.000000000000e+00
S 1 1
3.208880000000e-02  1.000000000000e+00
S 1 1
1.383390000000e-02  1.000000000000e+00
P 4 1
5.523417900000e+00  5.123472900000e-02
3.412015000000e+00 -1.733702600000e-01
7.689902000000e-01  4.333968300000e-01
3.308807000000e-01  5.535433300000e-01
P 1 1
1.342327000000e-01  1.000000000000e+00
P 1 1
2.064270000000e-02  1.000000000000e+00
D 1 1
2.260000000000e-01  1.000000000000e+00
D 1 1
2.743230000000e-02  1.000000000000e+00
@END

@ATOMBASIS SR
S 3 1
5.927642900000e+00  1.969876500000e-01
3.069127500000e+00 -6.485220600000e-01
7.067549000000e-01  6.206472900000e-01
S 1 1
3.382402000000e-01  1.000000000000e+00
S 1 1
6.176890000000e-02  1.000000000000e+00
S 1 1
2.576760000000e-02  1.000000000000e+00
P 4 1
2.432472000000e+00 -3.714506000000e-01
1.664234000000e+00  3.785682400000e-01
5.945547000000e-01  5.987448800000e-01
2.615262000000e-01  3.531402000000e-01
P 1 1
1.025881000000e-01  1.000000000000e+00
P 1 1
3.322340000000e-02  1.000000000000e+00
D 4 1
3.618081000000e+00 -7.501000000000e-03
9.966560000000e-01  1.080980000000e-01
3.907350000000e-01  2.785400000000e-01
1.227700000000e-01  4.773180000000e-01
D 1 1
3.665500000000e-02  1.000000000000e+00
@END

@ATOMBASIS Y
S 3 1
5.132958000000e+00 -1.386484500000e+00
4.240192000000e+00  1.945958100000e+00
1.298280000000e+00  4.418260300000e-01
S 1 1
8.290495000000e-01  1.000000000000e+00
S 1 1
3.475276000000e-01  1.000000000000e+00
S 1 1
6.841890000000e-02  1.000000000000e+00
S 1 1
2.732400000000e-02  1.000000000000e+00
P 4 1
2.727920000000e+00 -3.724988500000e-01
1.979050000000e+00  3.257206600000e-01
7.998089000000e-01  5.009465600000e-01
3.840940000000e-01  4.438592900000e-01
P 1 1
1.617358000000e-01  1.000000000000e+00
P 1 1
3.000000000000e-02  1.000000000000e+00
D 4 1
3.903083300000e+00 -9.820979300000e-03
1.136323400000e+00  1.918363000000e-01
4.561704000000e-01  4.059778900000e-01
1.747095000000e-01  4.386148600000e-01
D 1 1
6.197880000000e-02  1.000000000000e+00
F 1 1
2.651500000000e-01  1.000000000000e+00
@END

@ATOMBASIS ZR
S 3 1
5.873789000000e+00  5.425555900000e-01
4.287270000000e+00 -9.524133300000e-01
1.464137000000e+00 -1.370392600000e-01
S 1 1
8.372768000000e-01  1.000000000000e+00
S 1 1
3.684981000000e-01  1.000000000000e+00
S 1 1
7.780690000000e-02  1.000000000000e+00
S 1 1
3.027310000000e-02  1.000000000000e+00
P 4 1
2.874224000000e+00 -4.662408700000e-01
2.119901000000e+00  4.588313400000e-01
7.884582000000e-01  5.885391200000e-01
3.633258000000e-01  3.582223200000e-01
P 1 1
1.495176000000e-01  1.000000000000e+00
P 1 1
3.000000000000e-02  1.000000000000e+00
D 4 1
4.289862400000e+00 -1.221286800000e-02
1.361555700000e+00  1.969242400000e-01
5.693755000000e-01  4.205783200000e-01
2.267495000000e-01  4.275702800000e-01
D 1 1
8.301100000000e-02  1.000000000000e+00
F 1 1
3.926100000000e-01  1.000000000000e+00
@END

@ATOMBASIS NB
S 3 1
6.566301000000e+00 -9.491790800000e-01
4.586438000000e+00  1.573637300000e+00
3.753770000000e+00  3.638042300000e-01
S 1 1
8.418772000000e-01  1.000000000000e+00
S 1 1
3.816067000000e-01  1.000000000000e+00
S 1 1
8.581990000000e-02  1.000000000000e+00
S 1 1
3.270230000000e-02  1.000000000000e+00
P 4 1
3.070063000000e+00 -5.102511600000e-01
2.237964000000e+00  5.357059800000e-01
8.080197000000e-01  6.310221600000e-01
3.578334000000e-01  3.020590900000e-01
P 1 1
1.382009000000e-01  1.000000000000e+00
P 1 1
3.600000000000e-02  1.000000000000e+00
D 4 1
4.617097600000e+00 -1.357447700000e-02
1.566343800000e+00  2.037431000000e-01
6.695243000000e-01  4.299745300000e-01
2.714095000000e-01  4.179975500000e-01
D 1 1
1.005443000000e-01  1.000000000000e+00
F 1 1
5.227000000000e-01  1.000000000000e+00
@END

@ATOMBASIS MO
S 3 1
7.203380000000e+00 -8.931061700000e-01
5.052295000000e+00  1.607409600000e+00
2.913533000000e+00  2.780418600000e-01
S 1 1
9.785822000000e-01  1.000000000000e+00
S 1 1
4.436915000000e-01  1.000000000000e+00
S 1 1
9.215010000000e-02  1.000000000000e+00
S 1 1
3.480220000000e-02  1.000000000000e+00
P 4 1
3.151866000000e+00 -7.187304100000e-01
2.453482000000e+00  7.644288800000e-01
8.503019000000e-01  6.480858600000e-01
3.691824000000e-01  2.679211500000e-01
P 1 1
1.349063000000e-01  1.000000000000e+00
P 1 1
3.820000000000e-02  1.000000000000e+00
D 4 1
5.004444500000e+00 -2.158736500000e-02
1.773682300000e+00  2.095868000000e-01
7.695059000000e-01  4.373088100000e-01
3.153088000000e-01  4.112392700000e-01
D 1 1
1.175437000000e-01  1.000000000000e+00
F 1 1
6.554500000000e-01  1.000000000000e+00
@END

@ATOMBASIS TC
S 3 1
7.434402000000e+00 -1.143629000000e+00
5.551327000000e+00  1.875200100000e+00
3.023086000000e+00  2.395285400000e-01
S 1 1
1.064744400000e+00  1.000000000000e+00
S 1 1
4.812781000000e-01  1.000000000000e+00
S 1 1
9.829900000000e-02  1.000000000000e+00
S 1 1
3.666000000000e-02  1.000000000000e+00
P 4 1
3.449005000000e+00 -7.227751000000e-01
2.692737000000e+00  7.645896300000e-01
9.442737000000e-01  6.453322500000e-01
4.134815000000e-01  2.719566900000e-01
P 1 1
1.548815000000e-01  1.000000000000e+00
P 1 1
4.030000000000e-02  1.000000000000e+00
D 4 1
5.090626900000e+00 -3.217640500000e-02
2.015617900000e+00  2.128080300000e-01
8.811389000000e-01  4.440330900000e-01
3.642709000000e-01  4.079693300000e-01
D 1 1
1.367840000000e-01  1.000000000000e+00
F 1 1
7.908500000000e-01  1.000000000000e+00
@END

@ATOMBASIS RU
S 3 1
7.936570000000e+00 -1.177208300000e+00
5.984245000000e+00  1.619706000000e+00
4.882220000000e+00  5.106580800000e-01
S 1 1
1.103100200000e+00  1.000000000000e+00
S 1 1
4.981888000000e-01  1.000000000000e+00
S 1 1
1.067871000000e-01  1.000000000000e+00
S 1 1
3.919180000000e-02  1.000000000000e+00
P 4 1
3.754609000000e+00 -7.077787400000e-01
2.916571000000e+00  7.495439100000e-01
1.032221000000e+00  6.466061000000e-01
4.524955000000e-01  2.702908700000e-01
P 1 1
1.698704000000e-01  1.000000000000e+00
P 1 1
4.300000000000e-02  1.000000000000e+00
D 4 1
5.734184700000e+00 -3.526611200000e-02
2.248368600000e+00  2.180250200000e-01
9.837698000000e-01  4.470956500000e-01
4.037945000000e-01  4.037173300000e-01
D 1 1
1.497862000000e-01  1.000000000000e+00
F 1 1
9.431400000000e-01  1.000000000000e+00
@END

@ATOMBASIS RH
S 3 1
7.917744000000e+00  1.401404200000e+00
6.841207000000e+00 -1.797507300000e+00
2.959840000000e+00 -1.622575400000e-01
S 1 1
1.316664300000e+00  1.000000000000e+00
S 1 1
5.690715000000e-01  1.000000000000e+00
S 1 1
1.005970000000e-01  1.000000000000e+00
S 1 1
3.707150000000e-02  1.000000000000e+00
P 4 1
4.136079000000e+00 -5.518332800000e-01
2.946281000000e+00  6.137053400000e-01
1.079243200000e+00  6.400543500000e-01
4.661122000000e-01  2.595805100000e-01
P 1 1
1.745317000000e-01  1.000000000000e+00
P 1 1
4.100000000000e-02  1.000000000000e+00
D 4 1
6.884713200000e+00 -1.596238800000e-02
2.383730400000e+00  2.304755600000e-01
1.018438400000e+00  4.407580400000e-01
3.995749000000e-01  3.956766200000e-01
D 1 1
1.395112000000e-01  1.000000000000e+00
F 1 1
1.094990000000e+00  1.000000000000e+00
@END

@ATOMBASIS PD
S 3 1
8.475640000000e+00  1.239239100000e+00
7.165717000000e+00 -1.656311000000e+00
3.182110000000e+00 -1.317861900000e-01
S 1 1
1.397364400000e+00  1.000000000000e+00
S 1 1
6.053296000000e-01  1.000000000000e+00
S 1 1
1.022951000000e-01  1.000000000000e+00
S 1 1
3.733900000000e-02  1.000000000000e+00
P 4 1
4.246097000000e+00 -8.232410500000e-01
3.392594000000e+00  8.708466000000e-01
1.197589100000e+00  6.351222600000e-01
5.267375000000e-01  2.722533900000e-01
P 1 1
2.060709000000e-01  1.000000000000e+00
P 1 1
3.700000000000e-02  1.000000000000e+00
D 4 1
7.361329100000e+00 -1.719988600000e-02
2.629103700000e+00  2.331374500000e-01
1.129274500000e+00  4.453638600000e-01
4.447166000000e-01  3.929365000000e-01
D 1 1
1.554489000000e-01  1.000000000000e+00
F 1 1
1.246290000000e+00  1.000000000000e+00
@END

@ATOMBASIS AG
S 3 1
9.088442000000e+00 -1.980891900000e+00
7.540731000000e+00  2.755451300000e+00
2.794005000000e+00  2.271540800000e-01
S 1 1
1.491813600000e+00  1.000000000000e+00
S 1 1
6.357916000000e-01  1.000000000000e+00
S 1 1
1.036841000000e-01  1.000000000000e+00
S 1 1
3.746000000000e-02  1.000000000000e+00
P 4 1
4.451240000000e+00 -9.935210400000e-01
3.675263000000e+00  1.050052500000e+00
1.261062100000e+00  6.474753300000e-01
5.421248000000e-01  2.562155100000e-01
P 1 1
2.022162000000e-01  1.000000000000e+00
P 1 1
4.120000000000e-02  1.000000000000e+00
D 4 1
7.795667200000e+00 -1.704291200000e-02
2.892651000000e+00  2.344615500000e-01
1.247427300000e+00  4.476587800000e-01
4.931382000000e-01  3.906495500000e-01
D 1 1
1.728503000000e-01  1.000000000000e+00
F 1 1
1.397110000000e+00  1.000000000000e+00
@END

@ATOMBASIS CD
S 3 1
9.727011000000e+00 -1.793007500000e+00
7.837523000000e+00  2.611031900000e+00
5.089194000000e+00  1.074842900000e-01
S 1 1
1.498173800000e+00  1.000000000000e+00
S 1 1
6.728138000000e-01  1.000000000000e+00
S 1 1
1.329742000000e-01  1.000000000000e+00
S 1 1
4.691510000000e-02  1.000000000000e+00
P 4 1
4.742716000000e+00 -1.041192300000e+00
3.936655000000e+00  1.100368200000e+00
1.356924300000e+00  6.536663900000e-01
5.879157000000e-01  2.463236900000e-01
P 1 1
2.137124000000e-01  1.000000000000e+00
P 1 1
5.160000000000e-02  1.000000000000e+00
D 4 1
7.863104100000e+00 -2.137623900000e-02
3.293505900000e+00  2.259640000000e-01
1.450367600000e+00  4.529440300000e-01
5.937332000000e-01  3.921897200000e-01
D 1 1
2.176014000000e-01  1.000000000000e+00
F 1 1
1.598130000000e+00  1.000000000000e+00
@END

@ATOMBASIS IN
S 6 1
2.835229744000e+02  7.013214100000e-04
2.332428210000e+01 -9.088743200000e-02
1.686802680000e+01  2.809682500000e-01
6.786649800000e+00 -7.069783200000e-01
1.678259600000e+00  9.867164500000e-01
7.839687000000e-01  6.256857600000e-01
S 2 1
1.827665500000e+00 -3.415164000000e-01
8.375349000000e-01 -5.969672400000e-01
S 1 1
1.664307000000e-01  1.000000000000e+00
S 1 1
6.114370000000e-02  1.000000000000e+00
P 4 1
1.469919180000e+01  9.224804200000e-02
8.870903800000e+00 -3.243702900000e-01
1.134290600000e+00  6.116221700000e-01
5.266765000000e-01  1.760964000000e-01
P 1 1
2.328443400000e+00  1.000000000000e+00
P 1 1
1.685914000000e-01  1.000000000000e+00
P 1 1
5.007040000000e-02  1.000000000000e+00
D 5 1
3.137865590000e+01  5.400700500000e-03
1.829004630000e+01 -1.120855900000e-02
3.255189500000e+00  3.038451900000e-01
1.387484300000e+00  5.407811000000e-01
5.424896000000e-01  3.823268000000e-01
D 1 1
1.800000000000e-01  1.000000000000e+00
@END

@ATOMBASIS SN
S 6 1
3.759515618000e+02  1.522488400000e-03
2.366181800000e+01 -1.677606500000e-01
1.994628130000e+01  3.398909000000e-01
6.824027000000e+00 -8.444179200000e-01
1.877148900000e+00  9.264695300000e-01
8.203320000000e-01  5.309109400000e-01
S 2 1
1.034154990000e+01 -9.033111900000e-03
1.367252400000e+00  2.298087800000e-01
S 1 1
1.831484000000e-01  1.000000000000e+00
S 1 1
6.954720000000e-02  1.000000000000e+00
P 4 1
2.129359770000e+01  3.710321800000e-02
8.817184200000e+00 -3.235171000000e-01
1.234702800000e+00  8.384676100000e-01
5.786914000000e-01  2.329497700000e-01
P 1 1
2.508405000000e+00  1.000000000000e+00
P 1 1
2.129858000000e-01  1.000000000000e+00
P 1 1
6.736460000000e-02  1.000000000000e+00
D 5 1
3.969302320000e+01  3.918573400000e-03
2.085217930000e+01 -6.821007400000e-03
3.690783300000e+00  2.793842000000e-01
1.584940500000e+00  5.260741000000e-01
6.277269000000e-01  3.614946500000e-01
D 1 1
2.050000000000e-01  1.000000000000e+00
@END

@ATOMBASIS SB
S 6 1
3.727613917000e+02  1.587805700000e-03
2.268947860000e+01 -1.502760600000e-01
1.839154700000e+01  3.591581300000e-01
7.640627100000e+00 -7.480509100000e-01
1.905200000000e+00  9.201758200000e-01
9.300711000000e-01  4.675408000000e-01
S 2 1
1.058449700000e+01 -1.484533700000e-02
1.468024300000e+00  3.528949200000e-01
S 1 1
2.162119000000e-01  1.000000000000e+00
S 1 1
8.354630000000e-02  1.000000000000e+00
P 4 1
1.592655090000e+01  1.320695000000e-01
1.005273920000e+01 -4.151114900000e-01
1.268218400000e+00  7.419797300000e-01
5.719662000000e-01  1.558077300000e-01
P 1 1
2.619075100000e+00  1.000000000000e+00
P 1 1
2.518328000000e-01  1.000000000000e+00
P 1 1
8.338910000000e-02  1.000000000000e+00
D 5 1
4.548506340000e+01  3.255641600000e-03
1.850405960000e+01 -5.495297200000e-03
3.915603200000e+00  2.798880600000e-01
1.714219600000e+00  5.127337800000e-01
6.967548000000e-01  3.328880300000e-01
D 1 1
2.306000000000e-01  1.000000000000e+00
@END

@ATOMBASIS TE
S 6 1
3.964795466000e+02  2.630773100000e-03
2.191977330000e+01 -1.320351700000e-01
1.806127140000e+01  3.620319800000e-01
8.140346300000e+00 -7.559112000000e-01
2.070599900000e+00  7.919292800000e-01
9.771519000000e-01  4.055834300000e-01
S 2 1
1.126356380000e+01 -1.521298400000e-02
1.612269600000e+00  3.520214100000e-01
S 1 1
2.509540000000e-01  1.000000000000e+00
S 1 1
9.747850000000e-02  1.000000000000e+00
P 4 1
1.747950220000e+01  1.151779900000e-01
1.043394320000e+01 -4.120530300000e-01
1.362302500000e+00  7.876057800000e-01
5.923962000000e-01  1.528329900000e-01
P 1 1
2.796173800000e+00  1.000000000000e+00
P 1 1
2.976640000000e-01  1.000000000000e+00
P 1 1
9.615110000000e-02  1.000000000000e+00
D 5 1
5.082183600000e+01  3.376347500000e-03
1.888409540000e+01 -3.522140900000e-03
4.252730500000e+00  2.825421600000e-01
1.875755700000e+00  5.203937300000e-01
7.706928000000e-01  3.221354200000e-01
D 1 1
2.500000000000e-01  1.000000000000e+00
@END

@ATOMBASIS I
S 6 1
4.459048918000e+02  2.003729000000e-03
2.333684240000e+01 -1.498939700000e-01
1.958344610000e+01  3.643647500000e-01
8.511208900000e+00 -7.553813800000e-01
2.199616200000e+00  8.281635900000e-01
1.066897000000e+00  4.216104800000e-01
S 2 1
1.172054760000e+01 -1.616023500000e-02
1.762598600000e+00  3.527152500000e-01
S 1 1
2.869748000000e-01  1.000000000000e+00
S 1 1
1.122761000000e-01  1.000000000000e+00
P 4 1
2.049902730000e+01  7.715933600000e-02
1.055875460000e+01 -3.837037300000e-01
1.501589500000e+00  8.355417500000e-01
6.459717000000e-01  1.678725900000e-01
P 1 1
3.028865700000e+00  1.000000000000e+00
P 1 1
3.450659000000e-01  1.000000000000e+00
P 1 1
1.113451000000e-01  1.000000000000e+00
D 5 1
5.123535490000e+01  4.034513000000e-03
1.561623950000e+01 -5.076810900000e-03
4.526600200000e+00  2.915106500000e-01
2.052980900000e+00  5.114578400000e-01
8.764028000000e-01  3.123202500000e-01
D 1 1
3.090000000000e-01  1.000000000000e+00
@END

@ATOMBASIS XE
S 5 1
6.420248165600e+03  2.509217400000e-04
9.835453066000e+02  1.625194800000e-03
2.194388136000e+02  4.603710600000e-03
2.301258780000e+01 -1.469870700000e-01
1.804832450000e+01  5.752487000000e-01
S 2 1
1.175255020000e+01  6.603842000000e-01
6.239091700000e+00  3.847052500000e-01
S 1 1
2.625721100000e+00  1.000000000000e+00
S 1 1
1.290504300000e+00  1.000000000000e+00
S 1 1
3.620419000000e-01  1.000000000000e+00
S 1 1
1.406989000000e-01  1.000000000000e+00
P 3 1
1.938143255000e+02  9.539480200000e-04
2.172522810000e+01  5.739335300000e-02
9.889160600000e+00 -2.797426700000e-01
P 4 1
1.396068380000e+01 -5.095015800000e-02
4.092894700000e+00  3.666921200000e-01
2.254681500000e+00  7.261945700000e-01
1.154659600000e+00  3.555587200000e-01
P 1 1
5.232192000000e-01  1.000000000000e+00
P 1 1
2.194557000000e-01  1.000000000000e+00
P 1 1
8.615900000000e-02  1.000000000000e+00
D 6 1
1.356030004000e+02  8.187354300000e-04
3.872706270000e+01  6.089765400000e-03
1.537732810000e+01 -9.278298600000e-03
5.260253800000e+00  2.289078600000e-01
2.659062700000e+00  4.443440700000e-01
1.293820500000e+00  3.602948300000e-01
D 1 1
5.805083000000e-01  1.000000000000e+00
D 1 1
1.800000000000e-01  1.000000000000e+00
F 1 1
4.965279000000e-01  1.000000000000e+00
F 1 1
2.500000000000e+00  1.000000000000e+00
@END

@ATOMBASIS CS
S 3 1
5.877811300000e+00  1.285999500000e-01
4.363153800000e+00 -3.463257000000e-01
1.804847500000e+00  6.993063700000e-01
S 1 1
3.748524000000e-01  1.000000000000e+00
S 1 1
1.638486000000e-01  1.000000000000e+00
S 1 1
2.723050000000e-02  1.000000000000e+00
S 1 1
1.199150000000e-02  1.000000000000e+00
P 4 1
4.275185600000e+00  4.572307400000e-02
1.965666300000e+00 -2.501996200000e-01
4.768920000000e-01  5.566085000000e-01
2.152975000000e-01  5.821855300000e-01
P 1 1
9.145090000000e-02  1.000000000000e+00
P 1 1
1.759210000000e-02  1.000000000000e+00
D 1 1
1.330000000000e-01  1.000000000000e+00
D 1 1
3.321620000000e-02  1.000000000000e+00
@END

@ATOMBASIS BA
S 3 1
2.396190000000e+00 -5.955476700000e+00
2.243305000000e+00  6.680564800000e+00
7.174020000000e-01 -5.705534700000e-01
S 1 1
2.742007000000e-01  1.000000000000e+00
S 1 1
4.093330000000e-02  1.000000000000e+00
S 1 1
1.806020000000e-02  1.000000000000e+00
P 4 1
2.926742000000e+00  7.981527700000e-01
2.520718000000e+00 -1.070754900000e+00
6.757818000000e-01  3.494078100000e-01
3.198584000000e-01  6.504111100000e-01
P 1 1
1.322179000000e-01  1.000000000000e+00
P 1 1
3.303960000000e-02  1.000000000000e+00
D 4 1
9.663150000000e-01 -9.089380000000e-01
8.938280000000e-01  9.472400000000e-01
2.731950000000e-01  3.220570000000e-01
1.038910000000e-01  4.732600000000e-01
D 1 1
3.557800000000e-02  1.000000000000e+00
@END

@ATOMBASIS LA
S 2 1
5.087399000000e+00 -4.417370800000e-01
4.270978000000e+00  8.581249000000e-01
S 1 1
2.182380400000e+00  1.000000000000e+00
S 1 1
4.895493000000e-01  1.000000000000e+00
S 1 1
2.329203000000e-01  1.000000000000e+00
S 1 1
5.559550000000e-02  1.000000000000e+00
S 1 1
2.279520000000e-02  1.000000000000e+00
P 4 1
3.025161000000e+00 -2.858026700000e-01
2.382095000000e+00  5.171836500000e-01
6.724666000000e-01 -4.482311600000e-01
3.251943000000e-01 -5.886484400000e-01
P 1 1
1.363549000000e-01  1.000000000000e+00
P 1 1
2.510000000000e-02  1.000000000000e+00
D 4 1
1.266718200000e+00 -1.744557900000e-01
8.904988000000e-01  2.513723600000e-01
3.294729000000e-01  4.460406800000e-01
1.339879000000e-01  4.487827700000e-01
D 1 1
5.127550000000e-02  1.000000000000e+00
F 1 1
2.568300000000e-01  1.000000000000e+00
@END

@ATOMBASIS HF
S 2 1
1.459248500000e+01 -8.019629900000e-01
1.154749100000e+01  1.526160300000e+00
S 1 1
4.911297400000e+00  1.000000000000e+00
S 1 1
7.966547000000e-01  1.000000000000e+00
S 1 1
3.423407000000e-01  1.000000000000e+00
S 1 1
9.810920000000e-02  1.000000000000e+00
S 1 1
3.619100000000e-02  1.000000000000e+00
P 4 1
6.726531000000e+00  6.507620500000e-01
5.959979000000e+00 -8.371350900000e-01
1.092111700000e+00  5.057050600000e-01
4.970282000000e-01  5.196538900000e-01
P 1 1
2.025897000000e-01  1.000000000000e+00
P 1 1
3.360000000000e-02  1.000000000000e+00
D 4 1
3.982062300000e+00 -4.244602400000e-02
1.307798800000e+00  1.840923300000e-01
5.327231000000e-01  4.148442400000e-01
2.056495000000e-01  4.422430300000e-01
D 1 1
7.309990000000e-02  1.000000000000e+00
F 1 1
3.154700000000e-01  1.000000000000e+00
@END

@ATOMBASIS TA
S 2 1
1.440000000000e+01  9.934329700000e-01
1.200000000000e+01 -1.651007800000e+00
S 1 1
5.070147700000e+00  1.000000000000e+00
S 1 1
8.603336000000e-01  1.000000000000e+00
S 1 1
3.715894000000e-01  1.000000000000e+00
S 1 1
1.074534000000e-01  1.000000000000e+00
S 1 1
3.914280000000e-02  1.000000000000e+00
P 4 1
7.418872000000e+00  2.697969500000e-01
5.698410000000e+00 -4.696887400000e-01
1.177721200000e+00  5.090510000000e-01
5.447853000000e-01  5.229816100000e-01
P 1 1
2.230927000000e-01  1.000000000000e+00
P 1 1
4.310000000000e-02  1.000000000000e+00
D 4 1
3.973879600000e+00 -5.279931100000e-02
1.452888500000e+00  1.855831900000e-01
6.104291000000e-01  4.295907200000e-01
2.421628000000e-01  4.349722800000e-01
D 1 1
8.790930000000e-02  1.000000000000e+00
F 1 1
3.738600000000e-01  1.000000000000e+00
@END

@ATOMBASIS W
S 2 1
1.500000000000e+01 -5.331550500000e-01
1.200000000000e+01  1.001414200000e+00
S 1 1
5.261096800000e+00  1.000000000000e+00
S 1 1
9.278537000000e-01  1.000000000000e+00
S 1 1
4.033446000000e-01  1.000000000000e+00
S 1 1
1.158598000000e-01  1.000000000000e+00
S 1 1
4.180050000000e-02  1.000000000000e+00
P 4 1
7.249657000000e+00  4.585726600000e-01
6.084876000000e+00 -6.672068600000e-01
1.252377800000e+00  5.209035200000e-01
5.856921000000e-01  5.188568800000e-01
P 1 1
2.410696000000e-01  1.000000000000e+00
P 1 1
4.030000000000e-02  1.000000000000e+00
D 4 1
4.013123100000e+00 -6.341649200000e-02
1.623745200000e+00  1.845273400000e-01
6.918745000000e-01  4.412167700000e-01
2.786584000000e-01  4.315840900000e-01
D 1 1
1.022530000000e-01  1.000000000000e+00
F 1 1
4.319900000000e-01  1.000000000000e+00
@END

@ATOMBASIS RE
S 2 1
1.478186200000e+01 -1.139519400000e+00
1.232407500000e+01  1.937142100000e+00
S 1 1
5.509859700000e+00  1.000000000000e+00
S 1 1
9.887410000000e-01  1.000000000000e+00
S 1 1
4.283331000000e-01  1.000000000000e+00
S 1 1
1.229680000000e-01  1.000000000000e+00
S 1 1
4.394990000000e-02  1.000000000000e+00
P 4 1
7.404005000000e+00  5.451093800000e-01
6.350206000000e+00 -7.609605700000e-01
1.331171300000e+00  5.325227700000e-01
6.265960000000e-01  5.148304500000e-01
P 1 1
2.592272000000e-01  1.000000000000e+00
P 1 1
4.830000000000e-02  1.000000000000e+00
D 4 1
4.061627500000e+00 -7.666729500000e-02
1.848794300000e+00  1.806749500000e-01
7.870205000000e-01  4.516076700000e-01
3.206984000000e-01  4.326123600000e-01
D 1 1
1.189274000000e-01  1.000000000000e+00
F 1 1
4.898900000000e-01  1.000000000000e+00
@END

@ATOMBASIS OS
S 2 1
1.528673600000e+01 -1.064711400000e+00
1.270063800000e+01  1.843319300000e+00
S 1 1
5.709483300000e+00  1.000000000000e+00
S 1 1
1.068922900000e+00  1.000000000000e+00
S 1 1
4.678354000000e-01  1.000000000000e+00
S 1 1
1.325346000000e-01  1.000000000000e+00
S 1 1
4.710200000000e-02  1.000000000000e+00
P 4 1
7.936279000000e+00  3.389937000000e-01
6.303641000000e+00 -5.637943800000e-01
1.435158000000e+00  5.236004100000e-01
6.844275000000e-01  5.244534000000e-01
P 1 1
2.834739000000e-01  1.000000000000e+00
P 1 1
5.810000000000e-02  1.000000000000e+00
D 4 1
3.580815000000e+00 -4.277393200000e-01
3.196165000000e+00  4.450140400000e-01
1.055022600000e+00  4.368946000000e-01
4.158841000000e-01  4.822060600000e-01
D 1 1
1.465351000000e-01  1.000000000000e+00
F 1 1
5.506500000000e-01  1.000000000000e+00
@END

@ATOMBASIS IR
S 2 1
1.529370900000e+01 -1.673190000000e+00
1.357368200000e+01  2.393437900000e+00
S 1 1
5.821343700000e+00  1.000000000000e+00
S 1 1
1.152036400000e+00  1.000000000000e+00
S 1 1
5.110490000000e-01  1.000000000000e+00
S 1 1
1.408404000000e-01  1.000000000000e+00
S 1 1
4.982870000000e-02  1.000000000000e+00
P 4 1
8.669796000000e+00  2.146918700000e-01
6.245614000000e+00 -4.486307200000e-01
1.565703600000e+00  5.065339300000e-01
7.557741000000e-01  5.405227300000e-01
P 1 1
3.130601000000e-01  1.000000000000e+00
P 1 1
5.480000000000e-02  1.000000000000e+00
D 4 1
3.699485000000e+00 -5.484015600000e-01
3.361743000000e+00  5.683542600000e-01
1.117705400000e+00  4.430438200000e-01
4.432253000000e-01  4.707839500000e-01
D 1 1
1.564131000000e-01  1.000000000000e+00
F 1 1
6.100800000000e-01  1.000000000000e+00
@END

@ATOMBASIS PT
S 2 1
1.655956300000e+01 -5.380880100000e-01
1.389244000000e+01  9.140216100000e-01
S 1 1
5.853104500000e+00  1.000000000000e+00
S 1 1
1.249864100000e+00  1.000000000000e+00
S 1 1
5.560644000000e-01  1.000000000000e+00
S 1 1
1.379309000000e-01  1.000000000000e+00
S 1 1
4.898900000000e-02  1.000000000000e+00
P 4 1
8.100000000000e+00  7.295560800000e-01
7.200000000000e+00 -9.544180700000e-01
1.558840300000e+00  5.714049000000e-01
7.323040000000e-01  4.950823400000e-01
P 1 1
3.027048000000e-01  1.000000000000e+00
P 1 1
5.000000000000e-02  1.000000000000e+00
D 4 1
4.629953700000e+00 -8.777445100000e-02
2.198024100000e+00  2.115836100000e-01
9.362999000000e-01  4.653385800000e-01
3.716003000000e-01  4.112916600000e-01
D 1 1
1.315593000000e-01  1.000000000000e+00
F 1 1
6.681300000000e-01  1.000000000000e+00
@END

@ATOMBASIS AU
S 2 1
2.011529900000e+01 -1.591071900000e-01
1.219347700000e+01  7.910552700000e-01
S 1 1
6.073529400000e+00  1.000000000000e+00
S 1 1
1.317445200000e+00  1.000000000000e+00
S 1 1
5.859677000000e-01  1.000000000000e+00
S 1 1
1.387543000000e-01  1.000000000000e+00
S 1 1
4.887700000000e-02  1.000000000000e+00
P 4 1
8.609665000000e+00  5.005301900000e-01
7.335326000000e+00 -7.268158400000e-01
1.657529600000e+00  5.731551100000e-01
7.815931000000e-01  4.957906900000e-01
P 1 1
3.238484000000e-01  1.000000000000e+00
P 1 1
5.400000000000e-02  1.000000000000e+00
D 4 1
4.143949000000e+00 -3.709956700000e-01
3.568257000000e+00  4.019723400000e-01
1.234575700000e+00  4.600198900000e-01
4.819023000000e-01  4.615213100000e-01
D 1 1
1.649064000000e-01  1.000000000000e+00
F 1 1
7.248200000000e-01  1.000000000000e+00
@END

@ATOMBASIS HG
S 2 1
2.684204900000e+01 -2.684509600000e-02
1.032090900000e+01  8.177127800000e-01
S 1 1
6.365624200000e+00  1.000000000000e+00
S 1 1
1.389893200000e+00  1.000000000000e+00
S 1 1
6.370674000000e-01  1.000000000000e+00
S 1 1
1.604773000000e-01  1.000000000000e+00
S 1 1
5.641040000000e-02  1.000000000000e+00
P 4 1
9.772990000000e+00  2.121094100000e-01
7.169095000000e+00 -4.402634200000e-01
1.755956800000e+00  5.840631400000e-01
8.314567000000e-01  4.935974600000e-01
P 1 1
3.449492000000e-01  1.000000000000e+00
P 1 1
7.000000000000e-02  1.000000000000e+00
D 4 1
4.280000000000e+00 -3.203341400000e-01
3.480000000000e+00  3.774847000000e-01
1.253587000000e+00  4.834227600000e-01
5.084137000000e-01  4.349352300000e-01
D 1 1
1.850160000000e-01  1.000000000000e+00
F 1 1
7.956900000000e-01  1.000000000000e+00
@END

@ATOMBASIS TL
S 6 1
4.535692470000e+01  5.093815700000e-03
2.027884330000e+01 -1.480570400000e-01
1.442061240000e+01  3.676845400000e-01
6.216191000000e+00 -6.682039500000e-01
1.500251100000e+00  9.623280700000e-01
7.633088000000e-01  3.317599900000e-01
S 2 1
7.819319500000e+00 -1.882863200000e-02
1.317690400000e+00  3.209343100000e-01
S 1 1
1.764355000000e-01  1.000000000000e+00
S 1 1
6.529680000000e-02  1.000000000000e+00
P 4 1
9.032305800000e+00  2.273883900000e-01
7.535642000000e+00 -3.511797600000e-01
1.052142200000e+00  2.569008600000e-01
5.030393000000e-01  8.454994300000e-02
P 1 1
2.006766100000e+00  1.000000000000e+00
P 1 1
1.667561000000e-01  1.000000000000e+00
P 1 1
4.859640000000e-02  1.000000000000e+00
D 5 1
9.442194100000e+00  5.825077700000e-02
7.441000300000e+00 -1.178919900000e-01
1.983161800000e+00  3.423205800000e-01
9.167175000000e-01  4.755728200000e-01
3.964721000000e-01  3.052802900000e-01
D 1 1
1.550000000000e-01  1.000000000000e+00
@END

@ATOMBASIS PB
S 6 1
5.572752030000e+01  2.968115300000e-03
2.030291280000e+01 -1.435263400000e-01
1.455862880000e+01  3.755418900000e-01
6.537053100000e+00 -6.725310000000e-01
1.593390100000e+00  9.588753400000e-01
8.305142000000e-01  3.259363300000e-01
S 2 1
8.071947400000e+00 -2.041206100000e-02
1.416573700000e+00  3.286582900000e-01
S 1 1
2.041893000000e-01  1.000000000000e+00
S 1 1
7.715900000000e-02  1.000000000000e+00
P 4 1
9.553141200000e+00  2.054294400000e-01
7.532768500000e+00 -3.640759000000e-01
1.118554000000e+00  3.221748200000e-01
5.373986000000e-01  9.667774300000e-02
P 1 1
2.135987000000e+00  1.000000000000e+00
P 1 1
2.002749000000e-01  1.000000000000e+00
P 1 1
6.340800000000e-02  1.000000000000e+00
D 5 1
1.349450570000e+01  1.157104200000e-02
7.060977000000e+00 -6.674664500000e-02
2.158183500000e+00  3.397876100000e-01
1.014854100000e+00  4.852303900000e-01
4.463267000000e-01  2.968292400000e-01
D 1 1
1.750000000000e-01  1.000000000000e+00
@END

@ATOMBASIS BI
S 6 1
1.751963210000e+02  8.027887900000e-04
1.982014780000e+01 -1.462446100000e-01
1.496011010000e+01  3.743572000000e-01
6.706578600000e+00 -6.847601800000e-01
1.739196800000e+00  9.096732200000e-01
9.450473000000e-01  3.869579800000e-01
S 2 1
8.463683300000e+00 -2.003718300000e-02
1.531783900000e+00  3.105440900000e-01
S 1 1
2.340539000000e-01  1.000000000000e+00
S 1 1
9.026880000000e-02  1.000000000000e+00
P 4 1
1.067204630000e+01  1.439125900000e-01
7.199218600000e+00 -3.799460900000e-01
1.535969800000e+00  5.326803200000e-01
7.220128000000e-01  2.303769900000e-01
P 1 1
2.850866200000e+00  1.000000000000e+00
P 1 1
2.376942000000e-01  1.000000000000e+00
P 1 1
7.876810000000e-02  1.000000000000e+00
D 5 1
1.583427350000e+01  8.506299300000e-03
7.095689600000e+00 -6.595438000000e-02
2.336313700000e+00  3.370716300000e-01
1.120886100000e+00  4.912872000000e-01
5.030949000000e-01  2.909593100000e-01
D 1 1
2.000000000000e-01  1.000000000000e+00
@END

@ATOMBASIS PO
S 6 1
2.781378392000e+02  9.169049800000e-04
1.965929110000e+01 -1.471300900000e-01
1.501622960000e+01  3.879041400000e-01
7.114997900000e+00 -6.705996600000e-01
1.787921400000e+00  9.121292800000e-01
9.402166000000e-01  2.915375500000e-01
S 2 1
8.758416200000e+00 -2.156141800000e-02
1.650394600000e+00  3.163899000000e-01
S 1 1
2.632958000000e-01  1.000000000000e+00
S 1 1
1.019065000000e-01  1.000000000000e+00
P 4 1
1.044594600000e+01  2.363184100000e-01
8.029310200000e+00 -4.501781900000e-01
1.358879800000e+00  4.416033500000e-01
6.682918000000e-01  1.457528600000e-01
P 1 1
2.446063500000e+00  1.000000000000e+00
P 1 1
2.724294000000e-01  1.000000000000e+00
P 1 1
8.879600000000e-02  1.000000000000e+00
D 5 1
1.829267010000e+01  7.203096400000e-03
7.169557900000e+00 -6.616054500000e-02
2.502922500000e+00  3.436344900000e-01
1.211594500000e+00  5.052910100000e-01
5.471333000000e-01  2.830115500000e-01
D 1 1
2.150000000000e-01  1.000000000000e+00
@END

@ATOMBASIS AT
S 6 1
3.032337618000e+02  6.350497000000e-04
2.028944920000e+01 -1.382316500000e-01
1.538378310000e+01  3.833319300000e-01
7.470218400000e+00 -6.683756000000e-01
1.873160800000e+00  9.154587800000e-01
9.742685000000e-01  2.555956800000e-01
S 2 1
8.961011200000e+00 -2.309297800000e-02
1.780428400000e+00  3.169063600000e-01
S 1 1
2.926946000000e-01  1.000000000000e+00
S 1 1
1.139535000000e-01  1.000000000000e+00
P 4 1
1.072202310000e+01  2.619487000000e-01
8.482333900000e+00 -4.660722800000e-01
1.347429100000e+00  4.211985300000e-01
6.282401000000e-01  1.064322400000e-01
P 1 1
2.481489700000e+00  1.000000000000e+00
P 1 1
3.103652000000e-01  1.000000000000e+00
P 1 1
1.014486000000e-01  1.000000000000e+00
D 5 1
2.079981960000e+01  6.522796500000e-03
7.166461700000e+00 -6.778088500000e-02
2.693439700000e+00  3.395499100000e-01
1.317511200000e+00  5.089955900000e-01
5.999707000000e-01  2.752677200000e-01
D 1 1
2.350000000000e-01  1.000000000000e+00
@END

@ATOMBASIS RN
S 5 1
5.187744246800e+03  1.609703500000e-04
7.681449121000e+02  1.050821500000e-03
1.593518207000e+02  2.737543800000e-03
2.186343270000e+01 -5.504590500000e-01
1.838869000000e+01  7.832137400000e-01
S 2 1
2.481622640000e+01 -8.263679700000e-02
7.292330200000e+00  1.092625600000e+00
S 1 1
2.085043700000e+00  1.000000000000e+00
S 1 1
1.091524600000e+00  1.000000000000e+00
S 1 1
3.491571000000e-01  1.000000000000e+00
S 1 1
1.364842000000e-01  1.000000000000e+00
P 3 1
1.946891872000e+02  2.626581400000e-04
1.121001350000e+01  1.995230300000e-01
7.529831600000e+00 -4.599448000000e-01
P 4 1
9.084500000000e+00 -2.309391700000e-01
6.263149000000e+00  3.974761400000e-01
2.254519400000e+00  8.302669400000e-01
1.118066700000e+00  5.146701300000e-01
P 1 1
4.744449000000e-01  1.000000000000e+00
P 1 1
2.017235000000e-01  1.000000000000e+00
P 1 1
7.950310000000e-02  1.000000000000e+00
D 6 1
7.530272370000e+01  7.359023800000e-04
1.796591380000e+01  8.949082700000e-03
7.374129800000e+00 -7.664166400000e-02
3.229625900000e+00  2.297540500000e-01
1.793784100000e+00  4.399149500000e-01
9.463332000000e-01  3.525939500000e-01
D 1 1
4.686048000000e-01  1.000000000000e+00
D 1 1
2.000000000000e-01  1.000000000000e+00
F 1 1
4.180600000000e-01  1.000000000000e+00
F 1 1
2.100000000000e+00  1.000000000000e+00
@END
e3de3be89dcc8bf81f3d8aefb6a40449