@BASIS_SET DEF2-SVPD

@ATOMBASIS H
S 3  1
1.301070100000e+01  1.968215800000e-02
1.962257200000e+00  1.379652400000e-01
4.445379600000e-01  4.783193500000e-01
S 1  1
1.219496200000e-01  1.000000000000e+00
P 1  1
8.000000000000e-01  1.000000000000e+00
P 1  1
1.170409905000e-01  1.000000000000e+00
@END

@ATOMBASIS HE
S 3  1
3.835493673700e+01  2.381428890500e-02
5.768908147900e+00  1.549090677700e-01
1.239940703500e+00  4.699809663300e-01
S 1  1
2.975781595300e-01  1.000000000000e+00
P 1  1
1.000000000000e+00  1.000000000000e+00
P 1  1
2.203911944100e-01  1.000000000000e+00
@END

@ATOMBASIS LI
S 5  1
2.662778551600e+02  6.492015032500e-03
4.006978344700e+01  4.774786321500e-02
9.055994438900e+00  2.026879611100e-01
2.450300905100e+00  4.860657481700e-01
7.220957185500e-01  4.362697795500e-01
S 1  1
5.281088472100e-02  1.000000000000e+00
S 1  1
2.096094879800e-02  1.000000000000e+00
P 2  1
1.450000000000e+00  2.586000000000e-01
3.000000000000e-01  1.000000000000e+00
P 1  1
8.200000000000e-02  1.000000000000e+00
P 1  1
2.634766245700e-02  1.000000000000e+00
@END

@ATOMBASIS BE
S 5  1
5.151861612500e+02  5.561530798300e-03
7.751103759500e+01  4.119006806200e-02
1.755248169300e+01  1.791337810800e-01
4.802894059600e+00  4.473671645500e-01
1.451621431600e+00  4.200958192000e-01
S 1  1
1.328163362000e-01  1.000000000000e+00
S 1  1
4.583737221300e-02  1.000000000000e+00
P 3  1
3.631691714500e+00 -2.903399830500e-02
7.169569436600e-01 -1.687785403200e-01
1.954193286000e-01 -5.140341962800e-01
P 1  1
6.051546589000e-02  1.000000000000e+00
P 1  1
3.018188066000e-02  1.000000000000e+00
@END

@ATOMBASIS B
S 5  1
8.393183008600e+02 -5.592920107400e-03
1.262646484300e+02 -4.156552077100e-02
2.862060076300e+01 -1.829981698300e-01
7.879372271000e+00 -4.654039186600e-01
2.408885717200e+00 -4.417388479100e-01
S 1  1
2.510510903600e-01  1.000000000000e+00
S 1  1
8.364886606900e-02  1.000000000000e+00
S 1  1
4.235156533200e-02  1.000000000000e+00
P 3  1
6.033222361900e+00 -3.560367245600e-02
1.249915786600e+00 -1.989577576900e-01
3.387167635000e-01 -5.085020261800e-01
P 1  1
9.641563235100e-02  1.000000000000e+00
D 1  1
5.000000000000e-01  1.000000000000e+00
D 1  1
7.439244310100e-02  1.000000000000e+00
@END

@ATOMBASIS C
S 5  1
1.238401693800e+03  5.456883208200e-03
1.862900499200e+02  4.063840921100e-02
4.225117634600e+01  1.802559388800e-01
1.167655793200e+01  4.631512175500e-01
3.593050648200e+00  4.408717331400e-01
S 1  1
4.024514736300e-01  1.000000000000e+00
S 1  1
1.309018266800e-01  1.000000000000e+00
S 1  1
6.705354025600e-02  1.000000000000e+00
P 3  1
9.468097062100e+00  3.838787172800e-02
2.010354514200e+00  2.111702511200e-01
5.477100470700e-01  5.132817211400e-01
P 1  1
1.526861379500e-01  1.000000000000e+00
D 1  1
8.000000000000e-01  1.000000000000e+00
D 1  1
1.171318514000e-01  1.000000000000e+00
@END

@ATOMBASIS N
S 5  1
1.712841585300e+03 -5.393412530500e-03
2.576481267700e+02 -4.022158111800e-02
5.845824585300e+01 -1.793114499000e-01
1.619836790500e+01 -4.637631782300e-01
5.005260080900e+00 -4.417142266200e-01
S 1  1
5.873185657100e-01  1.000000000000e+00
S 1  1
1.876459225300e-01  1.000000000000e+00
S 1  1
9.617124152900e-02  1.000000000000e+00
P 3  1
1.357147023300e+01 -4.007239885200e-02
2.925737287400e+00 -2.180704502800e-01
7.992775075400e-01 -5.129446604900e-01
P 1  1
2.195434803400e-01  1.000000000000e+00
D 1  1
1.000000000000e+00  1.000000000000e+00
D 1  1
1.669770811200e-01  1.000000000000e+00
@END

@ATOMBASIS O
S 5  1
2.266176778500e+03 -5.343180992600e-03
3.408701019100e+02 -3.989003923000e-02
7.736313516700e+01 -1.785391198500e-01
2.147964494000e+01 -4.642768495900e-01
6.658943312400e+00 -4.430974517200e-01
S 1  1
8.097597566800e-01  1.000000000000e+00
S 1  1
2.553077223400e-01  1.000000000000e+00
S 1  1
7.657245325000e-02  1.000000000000e+00
P 3  1
1.772150431700e+01  4.339457319300e-02
3.863550544000e+00  2.309412076500e-01
1.048092088300e+00  5.137531106400e-01
P 1  1
2.764154441100e-01  1.000000000000e+00
P 1  1
6.900227635000e-02  1.000000000000e+00
D 1  1
1.200000000000e+00  1.000000000000e+00
D 1  1
1.799202432300e-01  1.000000000000e+00
@END

@ATOMBASIS F
S 5  1
2.894832599000e+03 -5.340825551500e-03
4.354193912000e+02 -3.990425886600e-02
9.884332886600e+01 -1.791276803800e-01
2.748519800100e+01 -4.675809082500e-01
8.540549817100e+00 -4.465313102000e-01
S 1  1
1.065457803800e+00  1.000000000000e+00
S 1  1
3.324734674800e-01  1.000000000000e+00
S 1  1
9.809775226400e-02  1.000000000000e+00
P 3  1
2.269663392400e+01 -4.521287443600e-02
4.987233925700e+00 -2.375431706700e-01
1.349161395400e+00 -5.128735358700e-01
P 1  1
3.482988197700e-01  1.000000000000e+00
P 1  1
8.337214830400e-02  1.000000000000e+00
D 1  1
1.400000000000e+00  1.000000000000e+00
D 1  1
2.230136194800e-01  1.000000000000e+00
@END

@ATOMBASIS NE
S 5  1
3.598973662500e+03 -5.325929700300e-03
5.413207311200e+02 -3.981741796900e-02
1.229045006200e+02 -1.791435818800e-01
3.421661702200e+01 -4.689358297700e-01
1.065058412400e+01 -4.478253757700e-01
S 1  1
1.354595396000e+00  1.000000000000e+00
S 1  1
4.191936263900e-01  1.000000000000e+00
S 1  1
1.205504354500e-01  1.000000000000e+00
P 3  1
2.842405378500e+01 -4.603194479500e-02
6.282251095300e+00 -2.399318304100e-01
1.697871507900e+00 -5.087172496400e-01
P 1  1
4.330070017200e-01  1.000000000000e+00
P 1  1
1.014194205100e-01  1.000000000000e+00
D 1  1
1.888000000000e+00  1.000000000000e+00
D 1  1
2.802680304100e-01  1.000000000000e+00
@END

@ATOMBASIS NA
S 5  1
4.098200390800e+03 -5.853591187900e-03
6.164937403100e+02 -4.364716187200e-02
1.399664400100e+02 -1.943146588400e-01
3.907344105100e+01 -4.868506573100e-01
1.192984720500e+01 -4.188170513700e-01
S 3  1
2.065996603000e+01  8.594968985400e-02
1.983886097800e+00 -5.635914404100e-01
6.483632394200e-01 -5.195400904800e-01
S 1  1
5.244396740400e-02  1.000000000000e+00
S 1  1
2.804816074200e-02  1.000000000000e+00
P 5  1
7.540186201700e+01  1.543536253200e-02
1.727481897800e+01  9.973829318400e-02
5.184234742500e+00  3.120959396600e-01
1.660121197300e+00  4.929567480700e-01
5.123252895800e-01  3.242039831800e-01
P 1  1
5.200000000000e-02  1.000000000000e+00
P 1  1
1.985300851400e-02  1.000000000000e+00
D 1  1
1.310000000000e-01  1.000000000000e+00
@END

@ATOMBASIS MG
S 5  1
4.953833919600e+03 -5.777896749800e-03
7.451804415400e+02 -4.312476108200e-02
1.692160497200e+02 -1.926821698700e-01
4.730067201900e+01 -4.864143911600e-01
1.446133697300e+01 -4.255089407700e-01
S 3  1
2.476817478900e+01  8.795696998400e-02
2.494094534900e+00 -5.516505812800e-01
8.780758453300e-01 -5.344329483300e-01
S 1  1
8.721278249700e-02  1.000000000000e+00
S 1  1
3.359929378000e-02  1.000000000000e+00
P 5  1
9.805301049400e+01 -1.448056460100e-02
2.258693227700e+01 -9.549575078700e-02
6.839150984200e+00 -3.078767265100e-01
2.233284381800e+00 -4.993629288600e-01
7.160659938700e-01 -3.150347621300e-01
P 1  1
1.891479619500e-01  1.000000000000e+00
P 1  1
5.376875518700e-02  1.000000000000e+00
P 1  1
2.396357828700e-02  1.000000000000e+00
D 1  1
1.010000000000e-01  1.000000000000e+00
@END

@ATOMBASIS AL
S 5  1
5.887572703000e+03  1.348334798700e-03
8.856122599600e+02  1.007157680900e-02
2.011360489900e+02  4.513245405600e-02
5.628497467400e+01  1.146126804300e-01
1.722955124300e+01  1.015960894300e-01
S 3  1
2.934024992200e+01  6.934745420800e-02
3.043963042000e+00 -4.252811767900e-01
1.128553951800e+00 -4.144983221000e-01
S 1  1
1.423417516000e-01  1.000000000000e+00
S 1  1
5.440019231300e-02  1.000000000000e+00
S 1  1
3.253535951100e-02  1.000000000000e+00
P 5  1
1.451191880900e+02  6.396337313400e-03
3.371789483300e+01  4.418935996500e-02
1.036986308300e+01  1.558157599300e-01
3.513561603600e+00  2.863528695100e-01
1.198005027300e+00  2.292142324800e-01
P 1  1
2.658300591300e-01  1.000000000000e+00
P 1  1
7.100336199400e-02  1.000000000000e+00
D 1  1
3.000000000000e-01  1.000000000000e+00
D 1  1
5.307168583100e-02  1.000000000000e+00
@END

@ATOMBASIS SI
S 5  1
6.903711868600e+03  1.337396299500e-03
1.038434641900e+03  9.996654624100e-03
2.358758148000e+02  4.491016510100e-02
6.606938516900e+01  1.146363854000e-01
2.024794576100e+01  1.028006385800e-01
S 3  1
3.435348173000e+01  7.083728501000e-02
3.637078819200e+00 -4.302883625200e-01
1.400204859900e+00 -4.138277496900e-01
S 1  1
2.048441480500e-01  1.000000000000e+00
S 1  1
7.799409546800e-02  1.000000000000e+00
S 1  1
4.683477828200e-02  1.000000000000e+00
P 5  1
1.798390737300e+02  6.191665646200e-03
4.190725884600e+01  4.339943198200e-02
1.295529436700e+01  1.563201935100e-01
4.438326739300e+00  2.941999698200e-01
1.546224790400e+00  2.353682381400e-01
P 1  1
3.560761230200e-01  1.000000000000e+00
P 1  1
1.000851376200e-01  1.000000000000e+00
D 1  1
3.500000000000e-01  1.000000000000e+00
D 1  1
7.411770770800e-02  1.000000000000e+00
@END

@ATOMBASIS P
S 5  1
8.002479510600e+03  5.750348930200e-03
1.203681359000e+03  4.300762895900e-02
2.734422703100e+02  1.936398625200e-01
7.665554151700e+01  4.965169339900e-01
2.351692743500e+01  4.498326247900e-01
S 3  1
3.979168343900e+01  9.518812978900e-02
4.277034332300e+00 -5.764984036800e-01
1.694025688800e+00 -5.423958386500e-01
S 1  1
2.756767464400e-01  1.000000000000e+00
S 1  1
1.049559009900e-01  1.000000000000e+00
S 1  1
6.430973475500e-02  1.000000000000e+00
P 5  1
2.195075582300e+02  9.210056525700e-03
5.127415503000e+01  6.540976574500e-02
1.592159589200e+01  2.403373027900e-01
5.506991348100e+00  4.631832178800e-01
1.953771942600e+00  3.739256338200e-01
P 1  1
4.780339793200e-01  1.000000000000e+00
P 1  1
1.365795262100e-01  1.000000000000e+00
D 1  1
4.500000000000e-01  1.000000000000e+00
D 1  1
9.958731108900e-02  1.000000000000e+00
@END

@ATOMBASIS S
S 5  1
9.184930301000e+03 -2.229438775600e-03
1.381510550300e+03 -1.668302993700e-02
3.138714758000e+02 -7.526243611600e-02
8.805387062300e+01 -1.937682703800e-01
2.703991490500e+01 -1.771802080300e-01
S 3  1
4.564873130300e+01 -1.073606257300e-01
4.966452232600e+00  6.506629301800e-01
2.011624204700e+00  5.971215535400e-01
S 1  1
3.566107701300e-01  1.000000000000e+00
S 1  1
1.350722147700e-01  1.000000000000e+00
S 1  1
4.499982350600e-02  1.000000000000e+00
P 5  1
2.619823343900e+02 -9.272992982200e-03
6.130689473600e+01 -6.654766924100e-02
1.910372988700e+01 -2.482859590300e-01
6.656772037800e+00 -4.870384740200e-01
2.395963516100e+00 -3.933785031200e-01
P 1  1
6.177616167900e-01  1.000000000000e+00
P 1  1
1.699337687100e-01  1.000000000000e+00
P 1  1
4.170679367600e-02  1.000000000000e+00
D 1  1
5.500000000000e-01  1.000000000000e+00
D 1  1
1.017285371700e-01  1.000000000000e+00
@END

@ATOMBASIS CL
S 5  1
1.044982756600e+04  1.970836248400e-03
1.571736522100e+03  1.475472797700e-02
3.571206552300e+02  6.667911287500e-02
1.002518593500e+02  1.722892408400e-01
3.081272755400e+01  1.588378610000e-01
S 3  1
5.192378943400e+01 -1.000929890900e-01
5.704576097500e+00  6.084175275300e-01
2.350837680900e+00  5.435215335500e-01
S 1  1
4.460512467200e-01  1.000000000000e+00
S 1  1
1.684885619000e-01  1.000000000000e+00
S 1  1
5.534422941300e-02  1.000000000000e+00
P 5  1
3.076679056900e+02 -8.780148411800e-03
7.210201551500e+01 -6.356335547100e-02
2.253268026200e+01 -2.401642827600e-01
7.899176544400e+00 -4.779886655700e-01
2.876726832100e+00 -3.851585000500e-01
P 1  1
7.745936395500e-01  1.000000000000e+00
P 1  1
2.103769969800e-01  1.000000000000e+00
P 1  1
5.004627108600e-02  1.000000000000e+00
D 1  1
6.500000000000e-01  1.000000000000e+00
D 1  1
1.228480339000e-01  1.000000000000e+00
@END

@ATOMBASIS AR
S 5  1
1.179711976500e+04  2.021447997300e-03
1.774352275300e+03  1.513985268800e-02
4.031887573300e+02  6.852540087300e-02
1.132493399900e+02  1.776292920700e-01
3.483529819300e+01  1.649649500100e-01
S 3  1
5.861477504200e+01 -1.034339400000e-01
6.492204507800e+00  6.313336589900e-01
2.711701440300e+00  5.488757230100e-01
S 1  1
5.441297453800e-01  1.000000000000e+00
S 1  1
2.051741113600e-01  1.000000000000e+00
S 1  1
6.644248704500e-02  1.000000000000e+00
P 5  1
3.562870725600e+02 -8.732178327100e-03
8.359313286600e+01 -6.368031744400e-02
2.618670402900e+01 -2.431190688600e-01
9.225727592500e+00 -4.895606965300e-01
3.392275495400e+00 -3.922919004000e-01
P 1  1
9.474053401000e-01  1.000000000000e+00
P 1  1
2.565913506200e-01  1.000000000000e+00
P 1  1
5.949145514200e-02  1.000000000000e+00
D 1  1
6.960000000000e-01  1.000000000000e+00
D 1  1
1.430949385900e-01  1.000000000000e+00
@END

@ATOMBASIS K
S 6  1
3.147874676400e+04  3.983865399400e-03
4.726887606600e+03  3.050175976200e-02
1.075434535300e+03  1.507375262200e-01
3.033981102300e+02  5.191293980100e-01
9.832711283100e+01  1.036695700500e+00
3.363622217700e+01  7.639896319900e-01
S 3  1
6.563920996200e+01 -2.824261710600e-01
7.316259221800e+00  1.691493586000e+00
2.890258013500e+00  1.296533195300e+00
S 3  1
4.545974896500e+00 -7.634355527300e-03
7.040412406200e-01  2.563571896000e-02
2.826688895900e-01  1.660685920800e-02
S 1  1
2.905816402000e-02  1.000000000000e+00
S 1  1
1.211163815700e-02  1.000000000000e+00
P 5  1
3.612249215400e+02  2.090647982300e-02
8.467022216600e+01  1.504364174000e-01
2.646908823600e+01  5.544006107700e-01
9.265807761500e+00  1.040900999100e+00
3.342338829300e+00  6.782534119400e-01
P 3  1
1.510087610400e+00  7.524819114600e-01
5.656837516300e-01  1.370858503100e+00
2.081700849500e-01  6.604763307900e-01
P 1  1
4.173700000000e-02  1.000000000000e+00
P 1  1
1.660321798600e-02  1.000000000000e+00
D 1  1
3.530000000000e-01  1.000000000000e+00
D 1  1
9.800000000000e-02  1.000000000000e+00
@END

@ATOMBASIS CA
S 6  1
3.513871392900e+04  3.948252074000e-03
5.276411134800e+03  3.023424355200e-02
1.200469258900e+03  1.495201968100e-01
3.387181054200e+02  5.159734571300e-01
1.098538592200e+02  1.033951029600e+00
3.760888029900e+01  7.693793352600e-01
S 3  1
7.310797755500e+01 -2.826852501100e-01
8.240770568800e+00  1.679609214200e+00
3.295981299300e+00  1.280376601600e+00
S 3  1
5.234180091400e+00 -7.686860456100e-03
8.418722051500e-01  2.538237597800e-02
3.651029402900e-01  1.651217151100e-02
S 1  1
5.122240288400e-02  1.000000000000e+00
S 1  1
1.982511140800e-02  1.000000000000e+00
P 5  1
4.131131389300e+02  2.032713535400e-02
9.693578622400e+01  1.473027636200e-01
3.037215465900e+01  5.488716732200e-01
1.068477683000e+01  1.044065981800e+00
3.882125835000e+00  6.865349068400e-01
P 3  1
1.799301629500e+00  7.541024687100e-01
6.918905653000e-01  1.340929659900e+00
2.636402409600e-01  5.639198943500e-01
P 1  1
7.497900000000e-02  1.000000000000e+00
P 1  1
2.380935578900e-02  1.000000000000e+00
D 3  1
5.497909387900e+00  7.377001143300e-02
1.317712803200e+00  2.605285316900e-01
3.218868264900e-01  4.523383638000e-01
D 1  1
7.052861491900e-02  1.000000000000e+00
@END

@ATOMBASIS SC
S 6  1
3.895608180400e+04  3.929320585800e-03
5.849573363700e+03  3.009322122900e-02
1.330881315400e+03  1.489037095000e-01
3.755553416500e+02  5.146428290600e-01
1.218726137000e+02  1.033770807000e+00
4.176024372900e+01  7.743685162700e-01
S 3  1
8.106063395300e+01 -2.831855231600e-01
9.205982397200e+00  1.677080698400e+00
3.706321573200e+00  1.259473367800e+00
S 3  1
5.988890998800e+00 -7.782136749300e-03
9.736343237800e-01  2.549969274500e-02
4.204101922300e-01  1.619156082000e-02
S 1  1
5.944055191300e-02  1.000000000000e+00
S 1  1
2.289780630300e-02  1.000000000000e+00
P 5  1
4.663148126200e+02  1.998430038500e-02
1.095121709700e+02  1.456104307200e-01
3.437592182700e+01  5.468746622300e-01
1.214209695500e+01  1.047900601200e+00
4.433676766900e+00  6.889489032700e-01
P 3  1
2.097129186600e+00  7.561921472400e-01
8.097760695600e-01  1.317821223500e+00
3.083404658800e-01  5.431226817300e-01
P 1  1
8.974800000000e-02  1.000000000000e+00
P 1  1
2.814815038400e-02  1.000000000000e+00
D 4  1
1.924033492800e+01  2.703908214400e-02
5.117899589900e+00  1.380368474300e-01
1.655427882700e+00  3.486908640300e-01
5.401635561000e-01  4.859418571700e-01
D 1  1
1.621121451800e-01  1.000000000000e+00
F 1  1
3.450000000000e-01  1.000000000000e+00
@END

@ATOMBASIS TI
S 6  1
4.296151218500e+04  3.912763535500e-03
6.450975916900e+03  2.996982048900e-02
1.467721091500e+03  1.483635270700e-01
4.142099735500e+02  5.134728532400e-01
1.344871584000e+02  1.033536548300e+00
4.612220979600e+01  7.785423393000e-01
S 3  1
8.944776254300e+01 -2.838540125900e-01
1.022334606000e+01  1.677278533300e+00
4.135377427100e+00  1.241192845600e+00
S 3  1
6.789618145200e+00 -7.839999451800e-03
1.110673069100e+00  2.549549301900e-02
4.756597557800e-01  1.606117289200e-02
S 1  1
6.598695693400e-02  1.000000000000e+00
S 1  1
2.521034225000e-02  1.000000000000e+00
P 5  1
5.220368478200e+02  1.975417964200e-02
1.226864948900e+02  1.446067761900e-01
3.857290361100e+01  5.466900416500e-01
1.367216931900e+01  1.053164754000e+00
5.011852935900e+00  6.911121336300e-01
P 3  1
2.413192828200e+00  7.580343713600e-01
9.325227005000e-01  1.303624139900e+00
3.542905839000e-01  5.363865330000e-01
P 1  1
1.015610000000e-01  1.000000000000e+00
P 1  1
3.578825320000e-02  1.000000000000e+00
D 4  1
2.346512595700e+01  2.653638011500e-02
6.333259383200e+00  1.379645396300e-01
2.076648994600e+00  3.531264422800e-01
6.902736195400e-01  4.864712416600e-01
D 1  1
2.108873855400e-01  1.000000000000e+00
F 1  1
5.620000000000e-01  1.000000000000e+00
@END

@ATOMBASIS V
S 6  1
4.716037606000e+04  1.449868890800e-03
7.081411087100e+03  1.110643525100e-02
1.611162122300e+03  5.500542358500e-02
4.547294055100e+02  1.906025259100e-01
1.477132120800e+02  3.843502295700e-01
5.069953895000e+01  2.909554679200e-01
S 3  1
9.826249266900e+01 -1.094233785600e-01
1.129429309900e+01  6.453949039900e-01
4.585336010500e+00  4.711788077700e-01
S 3  1
7.635968958800e+00 -2.245494905400e-01
1.253983668900e+00  7.259485276400e-01
5.327193538700e-01  4.556058274800e-01
S 1  1
7.224623956600e-02  1.000000000000e+00
S 1  1
2.735808744800e-02  1.000000000000e+00
P 5  1
5.805504498800e+02  9.731511091700e-03
1.365234112700e+02  7.153124113700e-02
4.298395882000e+01  2.719768841400e-01
1.528279876300e+01  5.261898889300e-01
5.620249515400e+00  3.445253349800e-01
P 3  1
2.748538641500e+00  3.404039649600e-01
1.061855007300e+00  5.798399612000e-01
4.023551864500e-01  2.391164308300e-01
P 1  1
1.112480000000e-01  1.000000000000e+00
P 1  1
3.500088846000e-02  1.000000000000e+00
D 4  1
2.735843401700e+01  2.664192705000e-02
7.454060425300e+00  1.399531172600e-01
2.463391784700e+00  3.575106663900e-01
8.248092527700e-01  4.848835414800e-01
D 1  1
2.525790474200e-01  1.000000000000e+00
F 1  1
8.310000000000e-01  1.000000000000e+00
@END

@ATOMBASIS CR
S 6  1
5.152808634900e+04  1.440582310600e-03
7.737210348700e+03  1.103620228700e-02
1.760374847000e+03  5.467665180600e-02
4.968770654400e+02  1.896503810300e-01
1.614652059800e+02  3.829541285000e-01
5.546635226800e+01  2.909005066800e-01
S 3  1
1.075473299900e+02 -1.093228110000e-01
1.240867189700e+01  6.447259947100e-01
5.042362882600e+00  4.626271256000e-01
S 3  1
8.546164016500e+00 -2.271101328600e-01
1.390044122100e+00  7.330152759100e-01
5.606660287600e-01  4.422556543300e-01
S 1  1
7.148370597200e-02  1.000000000000e+00
S 1  1
2.825068760400e-02  1.000000000000e+00
P 5  1
6.404853609600e+02  9.612671520300e-03
1.506971119400e+02  7.088983465500e-02
4.750375529600e+01  2.706525899000e-01
1.693412016500e+01  5.243734341400e-01
6.240968059000e+00  3.410799471400e-01
P 3  1
3.088546320600e+00  3.397398690300e-01
1.179104776900e+00  5.727206292700e-01
4.336977443200e-01  2.458272820600e-01
P 1  1
1.206750000000e-01  1.000000000000e+00
P 1  1
3.397855448800e-02  1.000000000000e+00
D 4  1
2.755947942600e+01  3.061248804400e-02
7.468702032700e+00  1.559327094400e-01
2.434590357400e+00  3.698442127600e-01
7.824475480800e-01  4.707111807700e-01
D 1  1
2.199577431100e-01  1.000000000000e+00
F 1  1
1.147000000000e+00  1.000000000000e+00
@END

@ATOMBASIS MN
S 6  1
5.613700903700e+04  1.432130470200e-03
8.429206394300e+03  1.097250916200e-02
1.917827723300e+03  5.438246871200e-02
5.413623019800e+02  1.888433512900e-01
1.760006914200e+02  3.819802505400e-01
6.050047701000e+01  2.915677259600e-01
S 3  1
1.171728288200e+02 -1.093366132800e-01
1.359697336800e+01  6.430503943100e-01
5.548399634100e+00  4.584897058400e-01
S 3  1
9.466285353000e+00 -2.253897725900e-01
1.559500607000e+00  7.230775865700e-01
6.523020586800e-01  4.530072153600e-01
S 1  1
8.400373447500e-02  1.000000000000e+00
S 1  1
3.125609858100e-02  1.000000000000e+00
P 5  1
7.060049753500e+02  9.505551816700e-03
1.661972882000e+02  7.035627114200e-02
5.245206190600e+01  2.700555698200e-01
1.874693286200e+01  5.257434460200e-01
6.928299162200e+00  3.425403322300e-01
P 3  1
3.477220493800e+00  3.399407373600e-01
1.340690644900e+00  5.720383625400e-01
5.049880303800e-01  2.384760583100e-01
P 1  1
1.276500000000e-01  1.000000000000e+00
P 1  1
3.633699905300e-02  1.000000000000e+00
D 4  1
3.542326493500e+01  2.698530411100e-02
9.781422145100e+00  1.438345864800e-01
3.267348876700e+00  3.641895837700e-01
1.102647218900e+00  4.815267066100e-01
D 1  1
3.374320593400e-01  1.000000000000e+00
F 1  1
1.326000000000e+00  1.000000000000e+00
@END

@ATOMBASIS FE
S 6  1
6.092364064300e+04  1.430225446600e-03
9.147889398200e+03  1.095879003800e-02
2.081350592700e+03  5.433255424800e-02
5.875597706700e+02  1.888499500900e-01
1.910904399000e+02  3.825306994600e-01
6.573273011200e+01  2.930833598400e-01
S 3  1
1.272589192800e+02 -1.096456492500e-01
1.483091301000e+01  6.438763133200e-01
6.065330740800e+00  4.547234732300e-01
S 3  1
1.044994371000e+01 -2.253963995200e-01
1.724522800300e+00  7.216439815600e-01
7.177217732500e-01  4.498549292200e-01
S 1  1
9.144982830800e-02  1.000000000000e+00
S 1  1
3.370669102100e-02  1.000000000000e+00
P 5  1
7.734375099500e+02  9.432573514400e-03
1.821514971400e+02  7.002962057500e-02
5.754727275800e+01  2.699365199600e-01
2.061498893500e+01  5.270001104700e-01
7.634855789000e+00  3.428414802800e-01
P 3  1
3.871932799000e+00  3.397440298800e-01
1.492472413200e+00  5.684259400500e-01
5.606128495800e-01  2.364936583900e-01
P 1  1
1.349150000000e-01  1.000000000000e+00
P 1  1
3.693363396200e-02  1.000000000000e+00
D 4  1
3.896813341900e+01  2.787966438200e-02
1.080006707800e+01  1.485831998200e-01
3.613645799900e+00  3.690547949600e-01
1.212996788800e+00  4.774510088300e-01
D 1  1
3.652439317000e-01  1.000000000000e+00
F 1  1
1.598000000000e+00  1.000000000000e+00
@END

@ATOMBASIS CO
S 6  1
6.590220825700e+04  1.428461493600e-03
9.895389602700e+03  1.094607278300e-02
2.251430578900e+03  5.428595389000e-02
6.356109708400e+02  1.888517907900e-01
2.067882068100e+02  3.830163499400e-01
7.117924297100e+01  2.944355126600e-01
S 3  1
1.377726804000e+02 -1.099022173600e-01
1.611807924300e+01  6.445553739500e-01
6.603032771000e+00  4.511678792400e-01
S 3  1
1.147991578800e+01 -2.259384691000e-01
1.895642632400e+00  7.223140900800e-01
7.846623206700e-01  4.490381229600e-01
S 1  1
9.842577443200e-02  1.000000000000e+00
S 1  1
3.594574193200e-02  1.000000000000e+00
P 5  1
8.436435857500e+02  9.386609725400e-03
1.987638699400e+02  6.988020871600e-02
6.285496309800e+01  2.703707034500e-01
2.256284228000e+01  5.290478688000e-01
8.371320912700e+00  3.435702957900e-01
P 3  1
4.285871980000e+00  3.402799903600e-01
1.650804181700e+00  5.669339238400e-01
6.183423109600e-01  2.361797978300e-01
P 1  1
1.413080000000e-01  1.000000000000e+00
P 1  1
3.774419701100e-02  1.000000000000e+00
D 4  1
4.292786761200e+01  2.848778836500e-02
1.194253305300e+01  1.520695128300e-01
4.004649566400e+00  3.731091399900e-01
1.341319380400e+00  4.754983767600e-01
D 1  1
4.001500974300e-01  1.000000000000e+00
F 1  1
1.903000000000e+00  1.000000000000e+00
@END

@ATOMBASIS NI
S 6  1
7.107480321100e+04  1.426038672900e-03
1.067202094100e+04  1.092823699400e-02
2.428138900700e+03  5.421262693800e-02
6.855359514800e+02  1.887476890200e-01
2.231007286300e+02  3.832461698500e-01
7.684201404200e+01  2.955063714400e-01
S 3  1
1.487112201600e+02 -1.101444305900e-01
1.745915498700e+01  6.452142698800e-01
7.162528066500e+00  4.479783810300e-01
S 3  1
1.255613712500e+01 -2.264540322400e-01
2.073574048800e+00  7.232095928600e-01
8.538264060200e-01  4.486802647600e-01
S 1  1
1.053676627100e-01  1.000000000000e+00
S 1  1
3.813408768800e-02  1.000000000000e+00
P 5  1
9.167360866200e+02  9.343963561000e-03
2.160613991300e+02  6.973737490200e-02
6.838391481700e+01  2.707349501200e-01
2.459384395200e+01  5.307830154900e-01
9.139296020400e+00  3.441022943800e-01
P 3  1
4.719337174600e+00  3.407608201600e-01
1.816184923400e+00  5.658016961100e-01
6.784075072000e-01  2.361671736100e-01
P 1  1
1.465880000000e-01  1.000000000000e+00
P 1  1
3.890554872200e-02  1.000000000000e+00
D 4  1
4.709383210800e+01  2.898231694800e-02
1.314646397500e+01  1.549499595000e-01
4.417054892500e+00  3.763311511100e-01
1.477156507800e+00  4.736509601400e-01
D 1  1
4.373592179200e-01  1.000000000000e+00
F 1  1
2.174000000000e+00  1.000000000000e+00
@END

@ATOMBASIS CU
S 6  1
7.638134805600e+04  1.433607989600e-03
1.146877749900e+04  1.098674986500e-02
2.609424649500e+03  5.451365246500e-02
7.367503309800e+02  1.899012825800e-01
2.398241995800e+02  3.858195921100e-01
8.265682925200e+01  2.979060749800e-01
S 3  1
1.601354419600e+02 -1.114677856700e-01
1.883417769500e+01  6.534930103100e-01
7.717659574100e+00  4.477053442100e-01
S 3  1
1.371084671700e+01 -2.287091112200e-01
2.234989567000e+00  7.346442303100e-01
8.781836006900e-01  4.327307087400e-01
S 1  1
8.718745806400e-02  1.000000000000e+00
S 1  1
3.296911466500e-02  1.000000000000e+00
P 5  1
9.912407578200e+02  9.387849879800e-03
2.336937611600e+02  7.020828245800e-02
7.402093092700e+01  2.732352222000e-01
2.666496744700e+01  5.358079272800e-01
9.919208747800e+00  3.457579490600e-01
P 3  1
5.151955392600e+00  3.422910808300e-01
1.963820582800e+00  5.645659248400e-01
7.156009703700e-01  2.407858431800e-01
P 1  1
1.550650000000e-01  1.000000000000e+00
P 1  1
3.873421497400e-02  1.000000000000e+00
D 4  1
4.733504959000e+01  3.237554775800e-02
1.316166607700e+01  1.681021868400e-01
4.369377724400e+00  3.847770798200e-01
1.413292510900e+00  4.614788017800e-01
D 1  1
3.887800145200e-01  1.000000000000e+00
F 1  1
2.233000000000e+00  1.000000000000e+00
@END

@ATOMBASIS ZN
S 6  1
8.200071162900e+04  1.421076400000e-03
1.231247177700e+04  1.089149948700e-02
2.801394419300e+03  5.405718805900e-02
7.909942430200e+02  1.884746390400e-01
2.575655107900e+02  3.834654934600e-01
8.881493340000e+01  2.972379419700e-01
S 3  1
1.718635371600e+02 -1.105184952300e-01
2.030253478500e+01  6.460771698400e-01
8.346412306800e+00  4.422011732200e-01
S 3  1
1.484753694000e+01 -2.270530927800e-01
2.449502950700e+00  7.243321793500e-01
9.984582182400e-01  4.483649559200e-01
S 1  1
1.189130793700e-01  1.000000000000e+00
S 1  1
4.229742876000e-02  1.000000000000e+00
P 5  1
1.071518537200e+03  9.276779723500e-03
2.526971215200e+02  6.954114943400e-02
8.010082912600e+01  2.715677256400e-01
2.890339317200e+01  5.340135557300e-01
1.076889987900e+01  3.450132344600e-01
P 3  1
5.644621253000e+00  3.412960016400e-01
2.167829134700e+00  5.639052197300e-01
8.054089834100e-01  2.367610973500e-01
P 1  1
1.624550000000e-01  1.000000000000e+00
P 1  1
4.202271603700e-02  1.000000000000e+00
D 4  1
5.608893919100e+01  2.958886914000e-02
1.575190891700e+01  1.587257140400e-01
5.311581236700e+00  3.797622915900e-01
1.773790491700e+00  4.689895917200e-01
D 1  1
5.197558366500e-01  1.000000000000e+00
F 1  1
2.614000000000e+00  1.000000000000e+00
@END

@ATOMBASIS GA
S 6  1
8.784212629600e+04  1.427158879800e-03
1.318949640200e+04  1.093889409700e-02
3.000948214100e+03  5.430820012700e-02
8.473842596600e+02  1.895105598300e-01
2.760098064200e+02  3.861518591800e-01
9.521667207100e+01  3.005108271900e-01
S 3  1
1.840070396800e+02 -1.112446196300e-01
2.182705143300e+01  6.483132291800e-01
9.002696376100e+00  4.435838359400e-01
S 3  1
1.603317693800e+01 -2.301429955500e-01
2.670772487800e+00  7.294686151600e-01
1.125283417000e+00  4.621497695100e-01
S 1  1
1.596760882900e-01  1.000000000000e+00
S 1  1
5.764304475300e-02  1.000000000000e+00
S 1  1
3.181981262800e-02  1.000000000000e+00
P 5  1
1.167266584400e+03  9.097402130700e-03
2.753806278900e+02  6.845627334300e-02
8.737507307000e+01  2.692229388800e-01
3.159725467000e+01  5.350789788200e-01
1.182412279800e+01  3.527906276000e-01
P 3  1
6.288184513300e+00  3.393824453000e-01
2.519985324000e+00  5.687194760800e-01
1.016972630600e+00  2.771769493900e-01
P 1  1
2.474837360400e-01  1.000000000000e+00
P 1  1
6.668529416300e-02  1.000000000000e+00
D 4  1
6.535423767400e+01  2.737014638200e-02
1.850465674700e+01  1.509946397600e-01
6.317962063200e+00  3.748532854500e-01
2.164138942600e+00  4.751060685100e-01
D 1  1
6.669309275400e-01  1.000000000000e+00
D 1  1
2.070000000000e-01  1.000000000000e+00
D 1  1
4.979939097500e-02  1.000000000000e+00
@END

@ATOMBASIS GE
S 6  1
9.388983664200e+04  1.423397606000e-03
1.409749752800e+04  1.091079565400e-02
3.207547730900e+03  5.418370594300e-02
9.057672726900e+02  1.892282034900e-01
2.951101469300e+02  3.861284700100e-01
1.018471314100e+02  3.016405073600e-01
S 3  1
1.965671966200e+02 -1.111877094000e-01
2.340529252200e+01  6.461600736900e-01
9.683911670200e+00  4.418890456800e-01
S 3  1
1.726973654400e+01 -2.302742137500e-01
2.896462216000e+00  7.301716939800e-01
1.255362141200e+00  4.619722225500e-01
S 1  1
2.021308149200e-01  1.000000000000e+00
S 1  1
7.386791098200e-02  1.000000000000e+00
S 1  1
4.341022493500e-02  1.000000000000e+00
P 5  1
1.259208599500e+03  9.011546425200e-03
2.971562638200e+02  6.798684168900e-02
9.435338752200e+01  2.685385648800e-01
3.417632967700e+01  5.365964921900e-01
1.281613961500e+01  3.563351496100e-01
P 3  1
6.847102978400e+00  3.390069311900e-01
2.771736393900e+00  5.680936526400e-01
1.145841817500e+00  2.724653988400e-01
P 1  1
3.067963153600e-01  1.000000000000e+00
P 1  1
8.928364411500e-02  1.000000000000e+00
D 4  1
7.478216817700e+01  2.575586020500e-02
2.131084975900e+01  1.453681613200e-01
7.346479236300e+00  3.713420985900e-01
2.565627139500e+00  4.800299843600e-01
D 1  1
8.198177307000e-01  1.000000000000e+00
D 1  1
2.460000000000e-01  1.000000000000e+00
D 1  1
6.632832879600e-02  1.000000000000e+00
@END

@ATOMBASIS AS
S 6  1
1.001465255400e+05  1.425834961700e-03
1.503686171100e+04  1.093017696300e-02
3.421290283300e+03  5.429417461000e-02
9.661696571700e+02  1.897607815300e-01
3.148739402600e+02  3.877519545300e-01
1.087082379000e+02  3.040281204000e-01
S 3  1
2.095423895000e+02 -1.116209420400e-01
2.503822113900e+01  6.469760776200e-01
1.039096434300e+01  4.422360867300e-01
S 3  1
1.855509009300e+01 -2.299419056900e-01
3.128121744900e+00  7.331910761300e-01
1.388488507300e+00  4.553365394300e-01
S 1  1
2.471436214100e-01  1.000000000000e+00
S 1  1
9.142942867000e-02  1.000000000000e+00
S 1  1
5.593968522000e-02  1.000000000000e+00
P 5  1
1.355644350700e+03  8.918250789800e-03
3.199992927000e+02  6.745475071700e-02
1.016773409200e+02  2.675977211000e-01
3.688632384500e+01  5.377684452000e-01
1.386111590900e+01  3.599257024400e-01
P 3  1
7.426066691200e+00  3.403684963700e-01
3.031624718700e+00  5.703014933400e-01
1.278307834000e+00  2.660617023800e-01
P 1  1
3.756850335600e-01  1.000000000000e+00
P 1  1
1.139480545400e-01  1.000000000000e+00
D 4  1
8.444551453900e+01  2.451840272400e-02
2.419041610200e+01  1.410745467700e-01
8.404501511900e+00  3.687522891500e-01
2.980897074800e+00  4.840956136200e-01
D 1  1
9.790924335900e-01  1.000000000000e+00
D 1  1
2.930000000000e-01  1.000000000000e+00
D 1  1
8.409762801600e-02  1.000000000000e+00
@END

@ATOMBASIS SE
S 6  1
1.066122002700e+05  1.427488911300e-03
1.600760470100e+04  1.094352511400e-02
3.642169970700e+03  5.437417159600e-02
1.028591299300e+03  1.901809294700e-01
3.353029888800e+02  3.891302169600e-01
1.158012915400e+02  3.062020708800e-01
S 3  1
2.229332502000e+02 -1.119880800900e-01
2.672625793400e+01  6.475212420700e-01
1.112450192300e+01  4.424197665100e-01
S 3  1
1.988852006100e+01 -2.285722776200e-01
3.366847380300e+00  7.359135995100e-01
1.524927783900e+00  4.433019957700e-01
S 1  1
2.963003791200e-01  1.000000000000e+00
S 1  1
1.100928897400e-01  1.000000000000e+00
S 1  1
4.216729472800e-02  1.000000000000e+00
P 5  1
1.455906812000e+03  8.820359704300e-03
3.437510183100e+02  6.687585196700e-02
1.092955496400e+02  2.664057808000e-01
3.970771102200e+01  5.383492842200e-01
1.495018523200e+01  3.630328199300e-01
P 3  1
8.020896209400e+00  3.415380702500e-01
3.293464975600e+00  5.725790658300e-01
1.405860243800e+00  2.554981322200e-01
P 1  1
4.507612322600e-01  1.000000000000e+00
P 1  1
1.335341332500e-01  1.000000000000e+00
P 1  1
3.439669793800e-02  1.000000000000e+00
D 4  1
9.449402404400e+01  2.349010109800e-02
2.718818526000e+01  1.374773576700e-01
9.509156735200e+00  3.664992912400e-01
3.417051685300e+00  4.875098988400e-01
D 1  1
1.147959008300e+00  1.000000000000e+00
D 1  1
3.380000000000e-01  1.000000000000e+00
D 1  1
8.276738090600e-02  1.000000000000e+00
@END

@ATOMBASIS BR
S 6  1
1.132863877600e+05  1.428303777900e-03
1.700962630300e+04  1.095041749600e-02
3.870184256700e+03  5.442100660400e-02
1.093035722700e+03  1.904790769500e-01
3.563972179700e+02  3.902464273700e-01
1.231253964300e+02  3.081443251400e-01
S 3  1
2.367408400700e+02 -1.122806567100e-01
2.846866107000e+01  6.477596231200e-01
1.188344372200e+01  4.423557598600e-01
S 3  1
2.126963331200e+01 -2.264257632300e-01
3.612922684100e+00  7.382371200800e-01
1.662664896900e+00  4.268386869400e-01
S 1  1
3.482379323200e-01  1.000000000000e+00
S 1  1
1.301903139400e-01  1.000000000000e+00
S 1  1
5.096670976300e-02  1.000000000000e+00
P 5  1
1.560280188100e+03  8.716666907200e-03
3.684785920500e+02  6.624363742000e-02
1.172297884900e+02  2.649561038500e-01
4.264890924800e+01  5.383916058700e-01
1.608722509600e+01  3.657938788800e-01
P 3  1
8.635281005800e+00  3.424878736600e-01
3.561366550200e+00  5.750067821300e-01
1.529262660900e+00  2.433039417200e-01
P 1  1
5.306429484800e-01  1.000000000000e+00
P 1  1
1.570275896500e-01  1.000000000000e+00
P 1  1
3.963684184600e-02  1.000000000000e+00
D 4  1
1.048551864200e+02  2.265014758100e-02
3.028114368800e+01  1.345548323000e-01
1.065139426700e+01  3.647445453700e-01
3.869945623300e+00  4.904458705600e-01
D 1  1
1.324087676200e+00  1.000000000000e+00
D 1  1
3.890000000000e-01  1.000000000000e+00
D 1  1
9.654334239300e-02  1.000000000000e+00
@END

@ATOMBASIS KR
S 6  1
1.201656487500e+05  1.429423449600e-03
1.804250016900e+04  1.095959702000e-02
4.105180038800e+03  5.447964747000e-02
1.159444724800e+03  1.908123912200e-01
3.781381034600e+02  3.914044594900e-01
1.306761004500e+02  3.100734668900e-01
S 3  1
2.509637335300e+02 -1.125860401100e-01
3.026593038000e+01  6.481632252400e-01
1.266811075700e+01  4.424023899400e-01
S 3  1
2.269794010100e+01 -2.239196490800e-01
3.867301739800e+00  7.406095302600e-01
1.801370667100e+00  4.080365844500e-01
S 1  1
4.030863913600e-01  1.000000000000e+00
S 1  1
1.517052774900e-01  1.000000000000e+00
S 1  1
6.045073167000e-02  1.000000000000e+00
P 5  1
1.668573662300e+03  8.621500980300e-03
3.941386279800e+02  6.566550688400e-02
1.254664485400e+02  2.636657669700e-01
4.570499272900e+01  5.386765857400e-01
1.727013322900e+01  3.686516750200e-01
P 3  1
9.269948777000e+00  3.434618901500e-01
3.836461771900e+00  5.778477619600e-01
1.646716331200e+00  2.307561519700e-01
P 1  1
6.147968648900e-01  1.000000000000e+00
P 1  1
1.831946741400e-01  1.000000000000e+00
P 1  1
4.579256399100e-02  1.000000000000e+00
D 4  1
1.155586860300e+02  2.194548533300e-02
3.347798586400e+01  1.321121287900e-01
1.183445020700e+01  3.633330696400e-01
4.340825489400e+00  4.930048444600e-01
D 1  1
1.507927315700e+00  1.000000000000e+00
D 1  1
4.430000000000e-01  1.000000000000e+00
D 1  1
1.123504448600e-01  1.000000000000e+00
@END

@ATOMBASIS RB
S 3  1
4.668788507100e+00  2.900852679300e-01
2.944242842000e+00 -6.774009042800e-01
5.817126298900e-01  4.571238948700e-01
S 1  1
4.514793355500e-01  1.000000000000e+00
S 1  1
2.160492353200e-01  1.000000000000e+00
S 1  1
3.208881652600e-02  1.000000000000e+00
S 1  1
1.383387817500e-02  1.000000000000e+00
P 4  1
5.523417948000e+00  5.123472947200e-02
3.412014964600e+00 -1.733702564600e-01
7.689902179200e-01  4.333968318800e-01
3.308807178600e-01  5.535433272100e-01
P 1  1
1.342326844100e-01  1.000000000000e+00
P 1  1
2.064267961300e-02  1.000000000000e+00
P 1  1
4.324376315600e-03  1.000000000000e+00
D 1  1
2.260000000000e-01  1.000000000000e+00
D 1  1
2.743228071100e-02  1.000000000000e+00
@END

@ATOMBASIS SR
S 3  1
5.927642876700e+00  1.969876536400e-01
3.069127481400e+00 -6.485220598500e-01
7.067548802800e-01  6.206472902200e-01
S 1  1
3.382402428000e-01  1.000000000000e+00
S 1  1
6.176886920000e-02  1.000000000000e+00
S 1  1
2.576759309300e-02  1.000000000000e+00
P 4  1
2.432472000000e+00 -3.714505984800e-01
1.664234000000e+00  3.785682423400e-01
5.945547185800e-01  5.987448780300e-01
2.615262199800e-01  3.531401951200e-01
P 1  1
1.025881404200e-01  1.000000000000e+00
P 1  1
3.322340403000e-02  1.000000000000e+00
P 1  1
1.657035227000e-02  1.000000000000e+00
D 4  1
3.618081000000e+00 -7.501000000000e-03
9.966560000000e-01  1.080980000000e-01
3.907350000000e-01  2.785400000000e-01
1.227700000000e-01  4.773180000000e-01
D 1  1
3.665500000000e-02  1.000000000000e+00
@END

@ATOMBASIS Y
S 3  1
5.132958000000e+00 -1.386484545700e+00
4.240192000000e+00  1.945958116600e+00
1.298280000000e+00  4.418260315400e-01
S 1  1
8.290495434700e-01  1.000000000000e+00
S 1  1
3.475275891100e-01  1.000000000000e+00
S 1  1
6.841887857400e-02  1.000000000000e+00
S 1  1
2.732399290400e-02  1.000000000000e+00
P 4  1
2.727920000000e+00 -3.724988491200e-01
1.979050000000e+00  3.257206599600e-01
7.998088680500e-01  5.009465550200e-01
3.840939735400e-01  4.438592949300e-01
P 1  1
1.617358226400e-01  1.000000000000e+00
P 1  1
3.000000000000e-02  1.000000000000e+00
P 1  1
6.970000000000e-02  1.000000000000e+00
D 4  1
3.903083306000e+00 -9.820979262500e-03
1.136323430200e+00  1.918362966400e-01
4.561704387700e-01  4.059778853900e-01
1.747095074800e-01  4.386148551800e-01
D 1  1
6.197879663800e-02  1.000000000000e+00
F 1  1
2.651500000000e-01  1.000000000000e+00
@END

@ATOMBASIS ZR
S 3  1
5.873789000000e+00  5.425555871400e-01
4.287270000000e+00 -9.524133324400e-01
1.464137000000e+00 -1.370392641100e-01
S 1  1
8.372768234500e-01  1.000000000000e+00
S 1  1
3.684980651100e-01  1.000000000000e+00
S 1  1
7.780685912400e-02  1.000000000000e+00
S 1  1
3.027308833000e-02  1.000000000000e+00
P 4  1
2.874224000000e+00 -4.662408691800e-01
2.119901000000e+00  4.588313389100e-01
7.884582110500e-01  5.885391247500e-01
3.633257984700e-01  3.582223224400e-01
P 1  1
1.495176202100e-01  1.000000000000e+00
P 1  1
3.000000000000e-02  1.000000000000e+00
P 1  1
6.700000000000e-02  1.000000000000e+00
D 4  1
4.289862387800e+00 -1.221286808000e-02
1.361555749800e+00  1.969242352000e-01
5.693755068900e-01  4.205783165900e-01
2.267494867700e-01  4.275702799900e-01
D 1  1
8.301103163100e-02  1.000000000000e+00
F 1  1
3.926100000000e-01  1.000000000000e+00
@END

@ATOMBASIS NB
S 3  1
6.566301000000e+00 -9.491790786600e-01
4.586438000000e+00  1.573637288300e+00
3.753770000000e+00  3.638042298100e-01
S 1  1
8.418771743700e-01  1.000000000000e+00
S 1  1
3.816066617700e-01  1.000000000000e+00
S 1  1
8.581991136800e-02  1.000000000000e+00
S 1  1
3.270233037000e-02  1.000000000000e+00
P 4  1
3.070063000000e+00 -5.102511588100e-01
2.237964000000e+00  5.357059801700e-01
8.080196967100e-01  6.310221635100e-01
3.578334343200e-01  3.020590894200e-01
P 1  1
1.382008528300e-01  1.000000000000e+00
P 1  1
3.600000000000e-02  1.000000000000e+00
P 1  1
7.050000000000e-02  1.000000000000e+00
D 4  1
4.617097586700e+00 -1.357447695500e-02
1.566343848000e+00  2.037431049600e-01
6.695242582600e-01  4.299745310500e-01
2.714094686700e-01  4.179975484800e-01
D 1  1
1.005442659200e-01  1.000000000000e+00
F 1  1
5.227000000000e-01  1.000000000000e+00
@END

@ATOMBASIS MO
S 3  1
7.203380000000e+00 -8.931061723700e-01
5.052295000000e+00  1.607409575600e+00
2.913533000000e+00  2.780418608800e-01
S 1  1
9.785821868100e-01  1.000000000000e+00
S 1  1
4.436915375300e-01  1.000000000000e+00
S 1  1
9.215009070500e-02  1.000000000000e+00
S 1  1
3.480224693500e-02  1.000000000000e+00
P 4  1
3.151866000000e+00 -7.187304087200e-01
2.453482000000e+00  7.644288787000e-01
8.503019218000e-01  6.480858564000e-01
3.691823717900e-01  2.679211523400e-01
P 1  1
1.349062746000e-01  1.000000000000e+00
P 1  1
3.820000000000e-02  1.000000000000e+00
P 1  1
7.180000000000e-02  1.000000000000e+00
D 4  1
5.004444549700e+00 -2.158736486200e-02
1.773682332400e+00  2.095868008600e-01
7.695059169600e-01  4.373088059900e-01
3.153087893900e-01  4.112392700900e-01
D 1  1
1.175437439000e-01  1.000000000000e+00
F 1  1
6.554500000000e-01  1.000000000000e+00
@END

@ATOMBASIS TC
S 3  1
7.434402000000e+00 -1.143628997300e+00
5.551327000000e+00  1.875200055900e+00
3.023086000000e+00  2.395285443100e-01
S 1  1
1.064744399000e+00  1.000000000000e+00
S 1  1
4.812780849700e-01  1.000000000000e+00
S 1  1
9.829901695200e-02  1.000000000000e+00
S 1  1
3.665997793600e-02  1.000000000000e+00
P 4  1
3.449005000000e+00 -7.227751043400e-01
2.692737000000e+00  7.645896280200e-01
9.442737069200e-01  6.453322517100e-01
4.134814861900e-01  2.719566881100e-01
P 1  1
1.548815230500e-01  1.000000000000e+00
P 1  1
4.030000000000e-02  1.000000000000e+00
P 1  1
7.900000000000e-02  1.000000000000e+00
D 4  1
5.090626869900e+00 -3.217640540500e-02
2.015617851000e+00  2.128080253600e-01
8.811388724000e-01  4.440330917500e-01
3.642709483300e-01  4.079693308500e-01
D 1  1
1.367840229700e-01  1.000000000000e+00
F 1  1
7.908500000000e-01  1.000000000000e+00
@END

@ATOMBASIS RU
S 3  1
7.936570000000e+00 -1.177208335000e+00
5.984245000000e+00  1.619705959200e+00
4.882220000000e+00  5.106580755600e-01
S 1  1
1.103100216300e+00  1.000000000000e+00
S 1  1
4.981887526100e-01  1.000000000000e+00
S 1  1
1.067871139300e-01  1.000000000000e+00
S 1  1
3.919177587200e-02  1.000000000000e+00
P 4  1
3.754609000000e+00 -7.077787356300e-01
2.916571000000e+00  7.495439148400e-01
1.032220956800e+00  6.466060964500e-01
4.524955377400e-01  2.702908681600e-01
P 1  1
1.698704219800e-01  1.000000000000e+00
P 1  1
4.300000000000e-02  1.000000000000e+00
P 1  1
8.550000000000e-02  1.000000000000e+00
D 4  1
5.734184661900e+00 -3.526611156000e-02
2.248368629400e+00  2.180250222200e-01
9.837697835900e-01  4.470956501300e-01
4.037944558300e-01  4.037173250800e-01
D 1  1
1.497861817300e-01  1.000000000000e+00
F 1  1
9.431400000000e-01  1.000000000000e+00
@END

@ATOMBASIS RH
S 3  1
7.917744000000e+00  1.401404201000e+00
6.841207000000e+00 -1.797507265600e+00
2.959840000000e+00 -1.622575449700e-01
S 1  1
1.316664344100e+00  1.000000000000e+00
S 1  1
5.690715217200e-01  1.000000000000e+00
S 1  1
1.005969519300e-01  1.000000000000e+00
S 1  1
3.707146079800e-02  1.000000000000e+00
P 4  1
4.136079000000e+00 -5.518332801800e-01
2.946281000000e+00  6.137053351500e-01
1.079243192400e+00  6.400543453800e-01
4.661121776900e-01  2.595805075500e-01
P 1  1
1.745316999100e-01  1.000000000000e+00
P 1  1
4.100000000000e-02  1.000000000000e+00
P 1  1
8.460000000000e-02  1.000000000000e+00
D 4  1
6.884713164100e+00 -1.596238798500e-02
2.383730439100e+00  2.304755582900e-01
1.018438402200e+00  4.407580402800e-01
3.995749464400e-01  3.956766199600e-01
D 1  1
1.395112026400e-01  1.000000000000e+00
F 1  1
1.094990000000e+00  1.000000000000e+00
@END

@ATOMBASIS PD
S 3  1
8.475640000000e+00  1.239239107600e+00
7.165717000000e+00 -1.656310997000e+00
3.182110000000e+00 -1.317861906000e-01
S 1  1
1.397364419600e+00  1.000000000000e+00
S 1  1
6.053295586800e-01  1.000000000000e+00
S 1  1
1.022951420900e-01  1.000000000000e+00
S 1  1
3.733897288100e-02  1.000000000000e+00
P 4  1
4.246097000000e+00 -8.232410497300e-01
3.392594000000e+00  8.708465993300e-01
1.197589126400e+00  6.351222579100e-01
5.267375058500e-01  2.722533875200e-01
P 1  1
2.060709409800e-01  1.000000000000e+00
P 1  1
3.700000000000e-02  1.000000000000e+00
P 1  1
8.730000000000e-02  1.000000000000e+00
D 4  1
7.361329098500e+00 -1.719988582800e-02
2.629103725800e+00  2.331374527500e-01
1.129274463400e+00  4.453638586700e-01
4.447165989600e-01  3.929365040600e-01
D 1  1
1.554489383600e-01  1.000000000000e+00
F 1  1
1.246290000000e+00  1.000000000000e+00
@END

@ATOMBASIS AG
S 3  1
9.088442000000e+00 -1.980891879700e+00
7.540731000000e+00  2.755451334700e+00
2.794005000000e+00  2.271540838100e-01
S 1  1
1.491813584900e+00  1.000000000000e+00
S 1  1
6.357915944500e-01  1.000000000000e+00
S 1  1
1.036841416100e-01  1.000000000000e+00
S 1  1
3.746000436300e-02  1.000000000000e+00
P 4  1
4.451240000000e+00 -9.935210377100e-01
3.675263000000e+00  1.050052523700e+00
1.261062090500e+00  6.474753253700e-01
5.421247749800e-01  2.562155072300e-01
P 1  1
2.022161702600e-01  1.000000000000e+00
P 1  1
4.120000000000e-02  1.000000000000e+00
P 1  1
9.130000000000e-02  1.000000000000e+00
D 4  1
7.795667229200e+00 -1.704291237700e-02
2.892651023800e+00  2.344615480300e-01
1.247427320300e+00  4.476587753300e-01
4.931381767100e-01  3.906495456000e-01
D 1  1
1.728503260300e-01  1.000000000000e+00
F 1  1
1.397110000000e+00  1.000000000000e+00
@END

@ATOMBASIS CD
S 3  1
9.727011000000e+00 -1.793007531600e+00
7.837523000000e+00  2.611031897100e+00
5.089194000000e+00  1.074842894900e-01
S 1  1
1.498173832700e+00  1.000000000000e+00
S 1  1
6.728138312900e-01  1.000000000000e+00
S 1  1
1.329742487500e-01  1.000000000000e+00
S 1  1
4.691509048800e-02  1.000000000000e+00
P 4  1
4.742716000000e+00 -1.041192305100e+00
3.936655000000e+00  1.100368233200e+00
1.356924314200e+00  6.536663941100e-01
5.879156954100e-01  2.463236911300e-01
P 1  1
2.137123961900e-01  1.000000000000e+00
P 1  1
5.160000000000e-02  1.000000000000e+00
P 1  1
1.050000000000e-01  1.000000000000e+00
D 4  1
7.863104085900e+00 -2.137623936500e-02
3.293505913300e+00  2.259639956800e-01
1.450367602500e+00  4.529440297200e-01
5.937331676600e-01  3.921897195800e-01
D 1  1
2.176014152000e-01  1.000000000000e+00
F 1  1
1.598130000000e+00  1.000000000000e+00
@END

@ATOMBASIS IN
S 6  1
2.835229744500e+02  7.013214142400e-04
2.332428210100e+01 -9.088743241800e-02
1.686802684400e+01  2.809682517700e-01
6.786649813700e+00 -7.069783245200e-01
1.678259601600e+00  9.867164491300e-01
7.839687043900e-01  6.256857630200e-01
S 2  1
1.827665477500e+00 -3.415164024900e-01
8.375349253400e-01 -5.969672433400e-01
S 1  1
1.664306897300e-01  1.000000000000e+00
S 1  1
6.114374280900e-02  1.000000000000e+00
S 1  1
2.552848161700e-02  1.000000000000e+00
P 4  1
1.469919182600e+01  9.224804234900e-02
8.870903805100e+00 -3.243702930000e-01
1.134290588900e+00  6.116221701800e-01
5.266765243300e-01  1.760964038600e-01
P 1  1
2.328443366700e+00  1.000000000000e+00
P 1  1
1.685914493400e-01  1.000000000000e+00
P 1  1
5.007038108100e-02  1.000000000000e+00
D 5  1
3.137865592600e+01  5.400700472200e-03
1.829004632600e+01 -1.120855894800e-02
3.255189459000e+00  3.038451916100e-01
1.387484258400e+00  5.407810997900e-01
5.424896267200e-01  3.823268003800e-01
D 1  1
1.800000000000e-01  1.000000000000e+00
D 1  1
4.132511299800e-02  1.000000000000e+00
@END

@ATOMBASIS SN
S 6  1
3.759515617700e+02  1.522488422800e-03
2.366181800800e+01 -1.677606503000e-01
1.994628131500e+01  3.398909039300e-01
6.824027045400e+00 -8.444179152900e-01
1.877148872200e+00  9.264695284600e-01
8.203319922600e-01  5.309109449000e-01
S 2  1
1.034154988700e+01 -9.033111915400e-03
1.367252415500e+00  2.298087771400e-01
S 1  1
1.831484382300e-01  1.000000000000e+00
S 1  1
6.954722614600e-02  1.000000000000e+00
S 1  1
3.486747469700e-02  1.000000000000e+00
P 4  1
2.129359774800e+01  3.710321827900e-02
8.817184249900e+00 -3.235170966100e-01
1.234702837100e+00  8.384676089800e-01
5.786914261700e-01  2.329497705000e-01
P 1  1
2.508405028400e+00  1.000000000000e+00
P 1  1
2.129857771900e-01  1.000000000000e+00
P 1  1
6.736458465700e-02  1.000000000000e+00
D 5  1
3.969302317700e+01  3.918573427500e-03
2.085217927500e+01 -6.821007366700e-03
3.690783277400e+00  2.793842049500e-01
1.584940453000e+00  5.260740987400e-01
6.277269336500e-01  3.614946534800e-01
D 1  1
2.050000000000e-01  1.000000000000e+00
D 1  1
5.435662523100e-02  1.000000000000e+00
@END

@ATOMBASIS SB
S 6  1
3.727613916600e+02  1.587805723900e-03
2.268947859600e+01 -1.502760558300e-01
1.839154703700e+01  3.591581303900e-01
7.640627141400e+00 -7.480509106500e-01
1.905200023500e+00  9.201758165600e-01
9.300710777300e-01  4.675407959700e-01
S 2  1
1.058449698700e+01 -1.484533677800e-02
1.468024276900e+00  3.528949202500e-01
S 1  1
2.162119003200e-01  1.000000000000e+00
S 1  1
8.354630704100e-02  1.000000000000e+00
S 1  1
4.372987944000e-02  1.000000000000e+00
P 4  1
1.592655095000e+01  1.320695001200e-01
1.005273923700e+01 -4.151114934000e-01
1.268218372600e+00  7.419797262600e-01
5.719662092900e-01  1.558077275000e-01
P 1  1
2.619075123800e+00  1.000000000000e+00
P 1  1
2.518328265200e-01  1.000000000000e+00
P 1  1
8.338912768400e-02  1.000000000000e+00
D 5  1
4.548506336000e+01  3.255641580700e-03
1.850405961700e+01 -5.495297201000e-03
3.915603230800e+00  2.798880635300e-01
1.714219600900e+00  5.127337776100e-01
6.967547824200e-01  3.328880273600e-01
D 1  1
2.306000000000e-01  1.000000000000e+00
D 1  1
6.683085085000e-02  1.000000000000e+00
@END

@ATOMBASIS TE
S 6  1
3.964795465900e+02  2.630773120300e-03
2.191977330900e+01 -1.320351706600e-01
1.806127139000e+01  3.620319783400e-01
8.140346324100e+00 -7.559112027600e-01
2.070599879800e+00  7.919292840000e-01
9.771518508500e-01  4.055834254000e-01
S 2  1
1.126356384100e+01 -1.521298418300e-02
1.612269606200e+00  3.520214051700e-01
S 1  1
2.509540170500e-01  1.000000000000e+00
S 1  1
9.747845257600e-02  1.000000000000e+00
S 1  1
3.835217065400e-02  1.000000000000e+00
P 4  1
1.747950222100e+01  1.151779918200e-01
1.043394317100e+01 -4.120530267200e-01
1.362302476300e+00  7.876057807600e-01
5.923961625800e-01  1.528329901800e-01
P 1  1
2.796173767000e+00  1.000000000000e+00
P 1  1
2.976640102600e-01  1.000000000000e+00
P 1  1
9.615109024000e-02  1.000000000000e+00
P 1  1
2.633983105200e-02  1.000000000000e+00
D 5  1
5.082183599100e+01  3.376347477400e-03
1.888409537800e+01 -3.522140893800e-03
4.252730463000e+00  2.825421606500e-01
1.875755709200e+00  5.203937291600e-01
7.706928284900e-01  3.221354168900e-01
D 1  1
2.500000000000e-01  1.000000000000e+00
D 1  1
6.654383744200e-02  1.000000000000e+00
@END

@ATOMBASIS I
S 6  1
4.459048917600e+02  2.003729038900e-03
2.333684241200e+01 -1.498939732400e-01
1.958344610400e+01  3.643647491300e-01
8.511208918600e+00 -7.553813819900e-01
2.199616186100e+00  8.281635935600e-01
1.066897045400e+00  4.216104811000e-01
S 2  1
1.172054757200e+01 -1.616023451100e-02
1.762598644900e+00  3.527152519300e-01
S 1  1
2.869747631800e-01  1.000000000000e+00
S 1  1
1.122760960700e-01  1.000000000000e+00
S 1  1
4.512363549200e-02  1.000000000000e+00
P 4  1
2.049902725400e+01  7.715933565600e-02
1.055875457600e+01 -3.837037278000e-01
1.501589548500e+00  8.355417471900e-01
6.459717309500e-01  1.678725948800e-01
P 1  1
3.028865677100e+00  1.000000000000e+00
P 1  1
3.450659184100e-01  1.000000000000e+00
P 1  1
1.113451381300e-01  1.000000000000e+00
P 1  1
2.979550723000e-02  1.000000000000e+00
D 5  1
5.123535492000e+01  4.034513034600e-03
1.561623948200e+01 -5.076810888100e-03
4.526600213900e+00  2.915106535600e-01
2.052980876600e+00  5.114578360500e-01
8.764028162300e-01  3.123202529700e-01
D 1  1
3.090000000000e-01  1.000000000000e+00
D 1  1
7.798725518000e-02  1.000000000000e+00
@END

@ATOMBASIS XE
S 5  1
6.420248165600e+03  2.509217388600e-04
9.835453066400e+02  1.625194817800e-03
2.194388136400e+02  4.603710645100e-03
2.301258780700e+01 -1.469870718200e-01
1.804832449000e+01  5.752487034800e-01
S 2  1
1.175255016300e+01  6.603842015600e-01
6.239091719900e+00  3.847052472100e-01
S 1  1
2.625721132000e+00  1.000000000000e+00
S 1  1
1.290504294300e+00  1.000000000000e+00
S 1  1
3.620418506000e-01  1.000000000000e+00
S 1  1
1.406988809100e-01  1.000000000000e+00
S 1  1
5.020109558800e-02  1.000000000000e+00
P 3  1
1.938143254500e+02  9.539480249700e-04
2.172522808600e+01  5.739335333200e-02
9.889160564100e+00 -2.797426664000e-01
P 4  1
1.396068382600e+01 -5.095015780700e-02
4.092894709700e+00  3.666921180000e-01
2.254681546000e+00  7.261945686100e-01
1.154659618400e+00  3.555587174000e-01
P 1  1
5.232192312800e-01  1.000000000000e+00
P 1  1
2.194556980000e-01  1.000000000000e+00
P 1  1
8.615899683600e-02  1.000000000000e+00
P 1  1
2.374946413500e-02  1.000000000000e+00
D 6  1
1.356030003800e+02  8.187354329000e-04
3.872706269200e+01  6.089765415100e-03
1.537732808900e+01 -9.278298559600e-03
5.260253768600e+00  2.289078558900e-01
2.659062742400e+00  4.443440705100e-01
1.293820512400e+00  3.602948299200e-01
D 1  1
5.805083013900e-01  1.000000000000e+00
D 1  1
1.800000000000e-01  1.000000000000e+00
D 1  1
6.800275593300e-02  1.000000000000e+00
F 1  1
4.965279300000e-01  1.000000000000e+00
F 1  1
2.500000000000e+00  1.000000000000e+00
@END

@ATOMBASIS CS
S 3  1
5.877811344300e+00  1.285999498300e-01
4.363153828600e+00 -3.463256972500e-01
1.804847515500e+00  6.993063705100e-01
S 1  1
3.748523713600e-01  1.000000000000e+00
S 1  1
1.638485877800e-01  1.000000000000e+00
S 1  1
2.723046204800e-02  1.000000000000e+00
S 1  1
1.199153321200e-02  1.000000000000e+00
P 4  1
4.275185615400e+00  4.572307417400e-02
1.965666336000e+00 -2.501996197600e-01
4.768919521200e-01  5.566085006600e-01
2.152974958800e-01  5.821855340600e-01
P 1  1
9.145085029600e-02  1.000000000000e+00
P 1  1
1.759207847300e-02  1.000000000000e+00
P 1  1
3.398644125800e-03  1.000000000000e+00
D 1  1
1.330000000000e-01  1.000000000000e+00
D 1  1
3.321621482100e-02  1.000000000000e+00
@END

@ATOMBASIS BA
S 3  1
2.396190000000e+00 -5.955476671000e+00
2.243305000000e+00  6.680564824100e+00
7.174020000000e-01 -5.705534703700e-01
S 1  1
2.742007354700e-01  1.000000000000e+00
S 1  1
4.093326418800e-02  1.000000000000e+00
S 1  1
1.806015642300e-02  1.000000000000e+00
P 4  1
2.926742000000e+00  7.981527676400e-01
2.520718000000e+00 -1.070754883200e+00
6.757818085400e-01  3.494078144800e-01
3.198584453100e-01  6.504111067300e-01
P 1  1
1.322179244600e-01  1.000000000000e+00
P 1  1
3.303956534900e-02  1.000000000000e+00
P 1  1
1.415909051000e-02  1.000000000000e+00
D 4  1
9.663150000000e-01 -9.089380000000e-01
8.938280000000e-01  9.472400000000e-01
2.731950000000e-01  3.220570000000e-01
1.038910000000e-01  4.732600000000e-01
D 1  1
3.557800000000e-02  1.000000000000e+00
@END

@ATOMBASIS LA
S 2  1
5.087399000000e+00 -4.417370785700e-01
4.270978000000e+00  8.581248972000e-01
S 1  1
2.182380399900e+00  1.000000000000e+00
S 1  1
4.895492646100e-01  1.000000000000e+00
S 1  1
2.329203255000e-01  1.000000000000e+00
S 1  1
5.559552987600e-02  1.000000000000e+00
S 1  1
2.279518493700e-02  1.000000000000e+00
P 4  1
3.025161000000e+00 -2.858026665500e-01
2.382095000000e+00  5.171836464400e-01
6.724665808100e-01 -4.482311599500e-01
3.251942717100e-01 -5.886484393000e-01
P 1  1
1.363548937400e-01  1.000000000000e+00
P 1  1
2.510000000000e-02  1.000000000000e+00
P 1  1
5.850000000000e-02  1.000000000000e+00
D 4  1
1.266718201800e+00 -1.744557938100e-01
8.904988267200e-01  2.513723621100e-01
3.294729104000e-01  4.460406824000e-01
1.339878883000e-01  4.487827715400e-01
D 1  1
5.127550308100e-02  1.000000000000e+00
F 1  1
2.568300000000e-01  1.000000000000e+00
@END

@ATOMBASIS HF
S 2  1
1.459248500000e+01 -8.019629881200e-01
1.154749100000e+01  1.526160282900e+00
S 1  1
4.911297392800e+00  1.000000000000e+00
S 1  1
7.966546940900e-01  1.000000000000e+00
S 1  1
3.423407289400e-01  1.000000000000e+00
S 1  1
9.810919771400e-02  1.000000000000e+00
S 1  1
3.619098444300e-02  1.000000000000e+00
P 4  1
6.726531000000e+00  6.507620546600e-01
5.959979000000e+00 -8.371350862000e-01
1.092111705400e+00  5.057050628600e-01
4.970282321700e-01  5.196538869100e-01
P 1  1
2.025897379200e-01  1.000000000000e+00
P 1  1
3.360000000000e-02  1.000000000000e+00
P 1  1
8.250000000000e-02  1.000000000000e+00
D 4  1
3.982062322900e+00 -4.244602394400e-02
1.307798777200e+00  1.840923256400e-01
5.327231029800e-01  4.148442351600e-01
2.056495448800e-01  4.422430349700e-01
D 1  1
7.309985878700e-02  1.000000000000e+00
F 1  1
3.154700000000e-01  1.000000000000e+00
@END

@ATOMBASIS TA
S 2  1
1.440000000000e+01  9.934329674500e-01
1.200000000000e+01 -1.651007797500e+00
S 1  1
5.070147730200e+00  1.000000000000e+00
S 1  1
8.603335648700e-01  1.000000000000e+00
S 1  1
3.715893889400e-01  1.000000000000e+00
S 1  1
1.074533625400e-01  1.000000000000e+00
S 1  1
3.914277655600e-02  1.000000000000e+00
P 4  1
7.418872000000e+00  2.697969515200e-01
5.698410000000e+00 -4.696887444900e-01
1.177721196000e+00  5.090510015500e-01
5.447853355500e-01  5.229816113700e-01
P 1  1
2.230927011700e-01  1.000000000000e+00
P 1  1
4.310000000000e-02  1.000000000000e+00
P 1  1
9.810000000000e-02  1.000000000000e+00
D 4  1
3.973879627800e+00 -5.279931071400e-02
1.452888481300e+00  1.855831947100e-01
6.104290854400e-01  4.295907163100e-01
2.421627651000e-01  4.349722823200e-01
D 1  1
8.790931833700e-02  1.000000000000e+00
F 1  1
3.738600000000e-01  1.000000000000e+00
@END

@ATOMBASIS W
S 2  1
1.500000000000e+01 -5.331550539200e-01
1.200000000000e+01  1.001414174800e+00
S 1  1
5.261096772500e+00  1.000000000000e+00
S 1  1
9.278537030700e-01  1.000000000000e+00
S 1  1
4.033445824100e-01  1.000000000000e+00
S 1  1
1.158597664600e-01  1.000000000000e+00
S 1  1
4.180047407300e-02  1.000000000000e+00
P 4  1
7.249657000000e+00  4.585726553000e-01
6.084876000000e+00 -6.672068632100e-01
1.252377781200e+00  5.209035198900e-01
5.856920892200e-01  5.188568751100e-01
P 1  1
2.410696430100e-01  1.000000000000e+00
P 1  1
4.030000000000e-02  1.000000000000e+00
P 1  1
9.860000000000e-02  1.000000000000e+00
D 4  1
4.013123133200e+00 -6.341649180800e-02
1.623745245000e+00  1.845273373200e-01
6.918745239200e-01  4.412167684300e-01
2.786583532500e-01  4.315840924100e-01
D 1  1
1.022529644600e-01  1.000000000000e+00
F 1  1
4.319900000000e-01  1.000000000000e+00
@END

@ATOMBASIS RE
S 2  1
1.478186200000e+01 -1.139519388500e+00
1.232407500000e+01  1.937142112100e+00
S 1  1
5.509859728400e+00  1.000000000000e+00
S 1  1
9.887410468700e-01  1.000000000000e+00
S 1  1
4.283331203000e-01  1.000000000000e+00
S 1  1
1.229680453300e-01  1.000000000000e+00
S 1  1
4.394985158100e-02  1.000000000000e+00
P 4  1
7.404005000000e+00  5.451093786500e-01
6.350206000000e+00 -7.609605653600e-01
1.331171345500e+00  5.325227676500e-01
6.265960054700e-01  5.148304504000e-01
P 1  1
2.592271869600e-01  1.000000000000e+00
P 1  1
4.200000000000e-02  1.000000000000e+00
P 1  1
1.119000000000e-01  1.000000000000e+00
D 4  1
4.061627491600e+00 -7.666729520500e-02
1.848794328600e+00  1.806749521500e-01
7.870204842900e-01  4.516076693700e-01
3.206984317200e-01  4.326123626600e-01
D 1  1
1.189274298000e-01  1.000000000000e+00
F 1  1
4.898900000000e-01  1.000000000000e+00
@END

@ATOMBASIS OS
S 2  1
1.528673600000e+01 -1.064711448500e+00
1.270063800000e+01  1.843319326900e+00
S 1  1
5.709483250400e+00  1.000000000000e+00
S 1  1
1.068922874400e+00  1.000000000000e+00
S 1  1
4.678354374900e-01  1.000000000000e+00
S 1  1
1.325345699200e-01  1.000000000000e+00
S 1  1
4.710198291100e-02  1.000000000000e+00
P 4  1
7.936279000000e+00  3.389936965900e-01
6.303641000000e+00 -5.637943834500e-01
1.435157967600e+00  5.236004057700e-01
6.844274972200e-01  5.244533982100e-01
P 1  1
2.834739497400e-01  1.000000000000e+00
P 1  1
4.800000000000e-02  1.000000000000e+00
P 1  1
1.283000000000e-01  1.000000000000e+00
D 4  1
3.580815000000e+00 -4.277393226200e-01
3.196165000000e+00  4.450140399200e-01
1.055022635400e+00  4.368945972200e-01
4.158840661800e-01  4.822060579900e-01
D 1  1
1.465350786800e-01  1.000000000000e+00
F 1  1
5.506500000000e-01  1.000000000000e+00
@END

@ATOMBASIS IR
S 2  1
1.529370900000e+01 -1.673189979100e+00
1.357368200000e+01  2.393437897600e+00
S 1  1
5.821343654200e+00  1.000000000000e+00
S 1  1
1.152036426800e+00  1.000000000000e+00
S 1  1
5.110489533800e-01  1.000000000000e+00
S 1  1
1.408404357800e-01  1.000000000000e+00
S 1  1
4.982867308500e-02  1.000000000000e+00
P 4  1
8.669796000000e+00  2.146918734600e-01
6.245614000000e+00 -4.486307181500e-01
1.565703615300e+00  5.065339325700e-01
7.557741286300e-01  5.405227335200e-01
P 1  1
3.130601111300e-01  1.000000000000e+00
P 1  1
5.480000000000e-02  1.000000000000e+00
P 1  1
1.310000000000e-01  1.000000000000e+00
D 4  1
3.699485000000e+00 -5.484015596500e-01
3.361743000000e+00  5.683542580400e-01
1.117705371000e+00  4.430438151300e-01
4.432253485800e-01  4.707839493000e-01
D 1  1
1.564130512500e-01  1.000000000000e+00
F 1  1
6.100800000000e-01  1.000000000000e+00
@END

@ATOMBASIS PT
S 2  1
1.655956300000e+01 -5.380880071700e-01
1.389244000000e+01  9.140216137700e-01
S 1  1
5.853104473200e+00  1.000000000000e+00
S 1  1
1.249864060900e+00  1.000000000000e+00
S 1  1
5.560643945900e-01  1.000000000000e+00
S 1  1
1.379309381200e-01  1.000000000000e+00
S 1  1
4.898903405900e-02  1.000000000000e+00
P 4  1
8.100000000000e+00  7.295560812800e-01
7.200000000000e+00 -9.544180725200e-01
1.558840291700e+00  5.714049032000e-01
7.323040218000e-01  4.950823426800e-01
P 1  1
3.027048466900e-01  1.000000000000e+00
P 1  1
5.000000000000e-02  1.000000000000e+00
P 1  1
1.230000000000e-01  1.000000000000e+00
D 4  1
4.629953682500e+00 -8.777445059600e-02
2.198024125200e+00  2.115836068100e-01
9.362999126100e-01  4.653385764100e-01
3.716002816000e-01  4.112916552500e-01
D 1  1
1.315592861700e-01  1.000000000000e+00
F 1  1
6.681300000000e-01  1.000000000000e+00
@END

@ATOMBASIS AU
S 2  1
2.011529900000e+01 -1.591071938900e-01
1.219347700000e+01  7.910552677800e-01
S 1  1
6.073529436800e+00  1.000000000000e+00
S 1  1
1.317445156900e+00  1.000000000000e+00
S 1  1
5.859676824400e-01  1.000000000000e+00
S 1  1
1.387542735400e-01  1.000000000000e+00
S 1  1
4.887698552700e-02  1.000000000000e+00
P 4  1
8.609665000000e+00  5.005301859900e-01
7.335326000000e+00 -7.268158449400e-01
1.657529636500e+00  5.731551141700e-01
7.815931021600e-01  4.957906885900e-01
P 1  1
3.238484066100e-01  1.000000000000e+00
P 1  1
5.400000000000e-02  1.000000000000e+00
P 1  1
1.322000000000e-01  1.000000000000e+00
D 4  1
4.143949000000e+00 -3.709956664300e-01
3.568257000000e+00  4.019723376200e-01
1.234575713000e+00  4.600198862400e-01
4.819023233800e-01  4.615213095800e-01
D 1  1
1.649063676900e-01  1.000000000000e+00
F 1  1
7.248200000000e-01  1.000000000000e+00
@END

@ATOMBASIS HG
S 2  1
2.684204900000e+01 -2.684509648300e-02
1.032090900000e+01  8.177127814300e-01
S 1  1
6.365624229100e+00  1.000000000000e+00
S 1  1
1.389893209500e+00  1.000000000000e+00
S 1  1
6.370674269900e-01  1.000000000000e+00
S 1  1
1.604772509800e-01  1.000000000000e+00
S 1  1
5.641042345300e-02  1.000000000000e+00
P 4  1
9.772990000000e+00  2.121094050200e-01
7.169095000000e+00 -4.402634215300e-01
1.755956793100e+00  5.840631446400e-01
8.314567042500e-01  4.935974620300e-01
P 1  1
3.449491765900e-01  1.000000000000e+00
P 1  1
7.000000000000e-02  1.000000000000e+00
P 1  1
1.554000000000e-01  1.000000000000e+00
D 4  1
4.280000000000e+00 -3.203341430500e-01
3.480000000000e+00  3.774847020300e-01
1.253586992600e+00  4.834227587800e-01
5.084136686300e-01  4.349352315800e-01
D 1  1
1.850159938800e-01  1.000000000000e+00
F 1  1
7.956900000000e-01  1.000000000000e+00
@END

@ATOMBASIS TL
S 6  1
4.535692465500e+01  5.093815739700e-03
2.027884333600e+01 -1.480570431400e-01
1.442061239400e+01  3.676845356400e-01
6.216190975400e+00 -6.682039462300e-01
1.500251117800e+00  9.623280674300e-01
7.633087930500e-01  3.317599936100e-01
S 2  1
7.819319528300e+00 -1.882863153700e-02
1.317690404200e+00  3.209343146700e-01
S 1  1
1.764354548100e-01  1.000000000000e+00
S 1  1
6.529683523800e-02  1.000000000000e+00
S 1  1
2.459284113900e-02  1.000000000000e+00
P 4  1
9.032305802400e+00  2.273883908500e-01
7.535641967100e+00 -3.511797588900e-01
1.052142199800e+00  2.569008560400e-01
5.030393265600e-01  8.454994276400e-02
P 1  1
2.006766091300e+00  1.000000000000e+00
P 1  1
1.667560505600e-01  1.000000000000e+00
P 1  1
4.859640146400e-02  1.000000000000e+00
D 5  1
9.442194076000e+00  5.825077698600e-02
7.441000338100e+00 -1.178919930100e-01
1.983161777200e+00  3.423205763600e-01
9.167174856700e-01  4.755728235000e-01
3.964720788500e-01  3.052802943500e-01
D 1  1
1.550000000000e-01  1.000000000000e+00
D 1  1
3.923796029300e-02  1.000000000000e+00
@END

@ATOMBASIS PB
S 6  1
5.572752033300e+01  2.968115305800e-03
2.030291282700e+01 -1.435263436200e-01
1.455862875000e+01  3.755418850700e-01
6.537053097300e+00 -6.725309980000e-01
1.593390068600e+00  9.588753390900e-01
8.305141971100e-01  3.259363253800e-01
S 2  1
8.071947364800e+00 -2.041206121700e-02
1.416573749000e+00  3.286582904900e-01
S 1  1
2.041893337000e-01  1.000000000000e+00
S 1  1
7.715900776100e-02  1.000000000000e+00
S 1  1
3.305979339100e-02  1.000000000000e+00
P 4  1
9.553141219900e+00  2.054294399000e-01
7.532768512900e+00 -3.640759005800e-01
1.118553956700e+00  3.221748168600e-01
5.373985525500e-01  9.667774301500e-02
P 1  1
2.135986982800e+00  1.000000000000e+00
P 1  1
2.002749480100e-01  1.000000000000e+00
P 1  1
6.340801151300e-02  1.000000000000e+00
D 5  1
1.349450573500e+01  1.157104237100e-02
7.060977041100e+00 -6.674664507600e-02
2.158183537500e+00  3.397876094200e-01
1.014854141800e+00  4.852303927300e-01
4.463267292000e-01  2.968292401800e-01
D 1  1
1.750000000000e-01  1.000000000000e+00
D 1  1
5.058508534600e-02  1.000000000000e+00
@END

@ATOMBASIS BI
S 6  1
1.751963210200e+02  8.027887902800e-04
1.982014778300e+01 -1.462446125000e-01
1.496011010200e+01  3.743571988500e-01
6.706578557100e+00 -6.847601774800e-01
1.739196752400e+00  9.096732208100e-01
9.450473059100e-01  3.869579780700e-01
S 2  1
8.463683290900e+00 -2.003718314400e-02
1.531783854500e+00  3.105440868200e-01
S 1  1
2.340539150300e-01  1.000000000000e+00
S 1  1
9.026881461300e-02  1.000000000000e+00
S 1  1
4.157777505400e-02  1.000000000000e+00
P 4  1
1.067204629300e+01  1.439125879300e-01
7.199218591500e+00 -3.799460860300e-01
1.535969752800e+00  5.326803206500e-01
7.220127572700e-01  2.303769867800e-01
P 1  1
2.850866185800e+00  1.000000000000e+00
P 1  1
2.376941873100e-01  1.000000000000e+00
P 1  1
7.876814045300e-02  1.000000000000e+00
D 5  1
1.583427351000e+01  8.506299323100e-03
7.095689608700e+00 -6.595438001600e-02
2.336313700700e+00  3.370716340600e-01
1.120886136600e+00  4.912871993300e-01
5.030948737600e-01  2.909593064400e-01
D 1  1
2.000000000000e-01  1.000000000000e+00
D 1  1
6.225648009000e-02  1.000000000000e+00
@END

@ATOMBASIS PO
S 6  1
2.781378391600e+02  9.169049783900e-04
1.965929110500e+01 -1.471300928300e-01
1.501622964700e+01  3.879041363100e-01
7.114997872000e+00 -6.705996629800e-01
1.787921412200e+00  9.121292832700e-01
9.402165520600e-01  2.915375520000e-01
S 2  1
8.758416174900e+00 -2.156141752500e-02
1.650394586600e+00  3.163899000100e-01
S 1  1
2.632958213300e-01  1.000000000000e+00
S 1  1
1.019065430400e-01  1.000000000000e+00
S 1  1
3.685492833900e-02  1.000000000000e+00
P 4  1
1.044594597300e+01  2.363184140500e-01
8.029310188800e+00 -4.501781899600e-01
1.358879802300e+00  4.416033465800e-01
6.682918292900e-01  1.457528554400e-01
P 1  1
2.446063538700e+00  1.000000000000e+00
P 1  1
2.724294277700e-01  1.000000000000e+00
P 1  1
8.879603133800e-02  1.000000000000e+00
P 1  1
2.427891708900e-02  1.000000000000e+00
D 5  1
1.829267015000e+01  7.203096365200e-03
7.169557853900e+00 -6.616054475400e-02
2.502922518000e+00  3.436344937800e-01
1.211594544300e+00  5.052910103300e-01
5.471333424000e-01  2.830115545300e-01
D 1  1
2.150000000000e-01  1.000000000000e+00
D 1  1
6.068093967900e-02  1.000000000000e+00
@END

@ATOMBASIS AT
S 6  1
3.032337617600e+02  6.350496978800e-04
2.028944924000e+01 -1.382316535000e-01
1.538378312600e+01  3.833319328300e-01
7.470218423200e+00 -6.683756033800e-01
1.873160834600e+00  9.154587799200e-01
9.742684754300e-01  2.555956799800e-01
S 2  1
8.961011249800e+00 -2.309297760500e-02
1.780428429400e+00  3.169063593900e-01
S 1  1
2.926946114300e-01  1.000000000000e+00
S 1  1
1.139535311900e-01  1.000000000000e+00
S 1  1
4.255832181600e-02  1.000000000000e+00
P 4  1
1.072202313400e+01  2.619487000800e-01
8.482333865600e+00 -4.660722826400e-01
1.347429129400e+00  4.211985330900e-01
6.282401146700e-01  1.064322445700e-01
P 1  1
2.481489683900e+00  1.000000000000e+00
P 1  1
3.103651847000e-01  1.000000000000e+00
P 1  1
1.014486204300e-01  1.000000000000e+00
P 1  1
2.699655822800e-02  1.000000000000e+00
D 5  1
2.079981960400e+01  6.522796538100e-03
7.166461677000e+00 -6.778088521700e-02
2.693439704800e+00  3.395499133500e-01
1.317511242300e+00  5.089955917800e-01
5.999706629300e-01  2.752677175900e-01
D 1  1
2.350000000000e-01  1.000000000000e+00
D 1  1
6.792927262300e-02  1.000000000000e+00
@END

@ATOMBASIS RN
S 5  1
5.187744246800e+03  1.609703484800e-04
7.681449120700e+02  1.050821478900e-03
1.593518206500e+02  2.737543809300e-03
2.186343272400e+01 -5.504590490500e-01
1.838868997800e+01  7.832137392200e-01
S 2  1
2.481622644800e+01 -8.263679720400e-02
7.292330167700e+00  1.092625600000e+00
S 1  1
2.085043716600e+00  1.000000000000e+00
S 1  1
1.091524594500e+00  1.000000000000e+00
S 1  1
3.491570842800e-01  1.000000000000e+00
S 1  1
1.364842295200e-01  1.000000000000e+00
S 1  1
4.683758172800e-02  1.000000000000e+00
P 3  1
1.946891872300e+02  2.626581404600e-04
1.121001352500e+01  1.995230262100e-01
7.529831648900e+00 -4.599447956100e-01
P 4  1
9.084500030400e+00 -2.309391742600e-01
6.263148971700e+00  3.974761419200e-01
2.254519373400e+00  8.302669383800e-01
1.118066691800e+00  5.146701311200e-01
P 1  1
4.744449259400e-01  1.000000000000e+00
P 1  1
2.017235461600e-01  1.000000000000e+00
P 1  1
7.950314439200e-02  1.000000000000e+00
P 1  1
2.226451931600e-02  1.000000000000e+00
D 6  1
7.530272366500e+01  7.359023842900e-04
1.796591383000e+01  8.949082738900e-03
7.374129803300e+00 -7.664166369300e-02
3.229625857800e+00  2.297540460200e-01
1.793784050800e+00  4.399149531100e-01
9.463331973200e-01  3.525939519800e-01
D 1  1
4.686048222300e-01  1.000000000000e+00
D 1  1
2.000000000000e-01  1.000000000000e+00
D 1  1
6.881594191600e-02  1.000000000000e+00
F 1  1
4.180600000000e-01  1.000000000000e+00
F 1  1
2.100000000000e+00  1.000000000000e+00
@END
7cce970ce526133287560e7de909f2a2
