@BASIS_SET M6-31G*

@ATOMBASIS SC
S 6 1
3.908898000000e+04  1.803260000000e-03
5.869792000000e+03  1.380769000000e-02
1.336910000000e+03  6.800396000000e-02
3.766031000000e+02  2.347099000000e-01
1.204679000000e+02  4.815690000000e-01
4.098032000000e+01  3.445652000000e-01
S 6 1
7.862852000000e+02  2.451860000000e-03
1.868870000000e+02  3.259579000000e-02
6.000935000000e+01  1.238242000000e-01
2.225883000000e+01 -4.359890000000e-02
8.885149000000e+00 -6.177181000000e-01
3.609211000000e+00 -4.432823000000e-01
P 6 1
7.862852000000e+02  4.039530000000e-03
1.868870000000e+02  3.122570000000e-02
6.000935000000e+01  1.349833000000e-01
2.225883000000e+01  3.424793000000e-01
8.885149000000e+00  4.623113000000e-01
3.609211000000e+00  2.177524000000e-01
S 6 1
2.984355000000e+01 -2.586300000000e-03
9.542383000000e+00  7.188424000000e-02
4.056790000000e+00  2.503260000000e-01
1.704703000000e+00 -2.991003000000e-01
7.062340000000e-01 -7.446818000000e-01
2.795360000000e-01 -1.799776000000e-01
P 6 1
2.984355000000e+01 -6.096650000000e-03
9.542383000000e+00 -2.628884000000e-02
4.056790000000e+00  5.091001000000e-02
1.704703000000e+00  3.798097000000e-01
7.062340000000e-01  5.170883000000e-01
2.795360000000e-01  1.829772000000e-01
S 3 1
1.065609000000e+00  6.482978000000e-02
4.259330000000e-01  3.253756000000e-01
7.632000000000e-02 -1.170806000000e+00
P 3 1
1.065609000000e+00 -2.938440000000e-01
4.259330000000e-01  9.235323000000e-02
7.632000000000e-02  9.847930000000e-01
S 1 1
2.959400000000e-02  1.000000000000e+00
P 1 1
2.959400000000e-02  1.000000000000e+00
D 3 1
9.238925400000e+00  1.013496000000e-01
2.306182400000e+00  4.074937100000e-01
6.394888000000e-01  6.965324200000e-01
D 1 1
1.620099000000e-01  1.000000000000e+00
F 1 1
8.000000000000e-01  1.000000000000e+00
@END

@ATOMBASIS TI
S 6 1
4.315295000000e+04  1.791870000000e-03
6.479571000000e+03  1.372392000000e-02
1.475675000000e+03  6.762830000000e-02
4.156991000000e+02  2.337642000000e-01
1.330006000000e+02  4.810696000000e-01
4.527222000000e+01  3.462280000000e-01
S 6 1
8.746826000000e+02  2.431010000000e-03
2.079785000000e+02  3.233027000000e-02
6.687918000000e+01  1.242520000000e-01
2.487347000000e+01 -3.903905000000e-02
9.968441000000e+00 -6.171789000000e-01
4.063826000000e+00 -4.473097000000e-01
P 6 1
8.746826000000e+02  4.017680000000e-03
2.079785000000e+02  3.113966000000e-02
6.687918000000e+01  1.349077000000e-01
2.487347000000e+01  3.431672000000e-01
9.968441000000e+00  4.625760000000e-01
4.063826000000e+00  2.154603000000e-01
S 6 1
3.364363000000e+01 -2.940360000000e-03
1.087565000000e+01  7.163103000000e-02
4.628225000000e+00  2.528915000000e-01
1.950126000000e+00 -2.966401000000e-01
8.094520000000e-01 -7.432215000000e-01
3.204740000000e-01 -1.853520000000e-01
P 6 1
3.364363000000e+01 -6.311620000000e-03
1.087565000000e+01 -2.697638000000e-02
4.628225000000e+00  5.316847000000e-02
1.950126000000e+00  3.845549000000e-01
8.094520000000e-01  5.127662000000e-01
3.204740000000e-01  1.811135000000e-01
S 3 1
1.224148000000e+00  6.351465000000e-02
4.842630000000e-01  3.151404000000e-01
8.409600000000e-02 -1.162595000000e+00
P 3 1
1.224148000000e+00 -2.112070000000e-01
4.842630000000e-01  7.771998000000e-02
8.409600000000e-02  9.898214000000e-01
S 1 1
3.203600000000e-02  1.000000000000e+00
P 1 1
3.203600000000e-02  1.000000000000e+00
D 3 1
1.138028730000e+01  1.000655600000e-01
2.878565400000e+00  4.084975300000e-01
8.146824000000e-01  6.922977300000e-01
D 1 1
2.106293000000e-01  1.000000000000e+00
F 1 1
8.000000000000e-01  1.000000000000e+00
@END

@ATOMBASIS V
S 6 1
4.735433000000e+04  1.784510000000e-03
7.110787000000e+03  1.366754000000e-02
1.619591000000e+03  6.736122000000e-02
4.563379000000e+02  2.330552000000e-01
1.460606000000e+02  4.806316000000e-01
4.975791000000e+01  3.474802000000e-01
S 6 1
9.681484000000e+02  2.410600000000e-03
2.302821000000e+02  3.207243000000e-02
7.414591000000e+01  1.245942000000e-01
2.764107000000e+01 -3.482177000000e-02
1.111475000000e+01 -6.167374000000e-01
4.543113000000e+00 -4.509844000000e-01
P 6 1
9.681484000000e+02  3.995000000000e-03
2.302821000000e+02  3.104061000000e-02
7.414591000000e+01  1.347747000000e-01
2.764107000000e+01  3.437279000000e-01
1.111475000000e+01  4.628759000000e-01
4.543113000000e+00  2.135547000000e-01
S 6 1
3.764050000000e+01 -3.233200000000e-03
1.228238000000e+01  7.130744000000e-02
5.233366000000e+00  2.543820000000e-01
2.208950000000e+00 -2.933887000000e-01
9.178800000000e-01 -7.415695000000e-01
3.634120000000e-01 -1.909410000000e-01
P 6 1
3.764050000000e+01 -6.494060000000e-03
1.228238000000e+01 -2.753453000000e-02
5.233366000000e+00  5.516284000000e-02
2.208950000000e+00  3.879672000000e-01
9.178800000000e-01  5.090258000000e-01
3.634120000000e-01  1.803840000000e-01
S 3 1
1.392781000000e+00  6.139703000000e-02
5.439130000000e-01  3.061130000000e-01
9.147600000000e-02 -1.154890000000e+00
P 3 1
1.392781000000e+00 -1.891265000000e-01
5.439130000000e-01  8.005453000000e-02
9.147600000000e-02  9.877399000000e-01
S 1 1
3.431200000000e-02  1.000000000000e+00
P 1 1
3.431200000000e-02  1.000000000000e+00
D 3 1
1.335952740000e+01  1.006487700000e-01
3.411394500000e+00  4.115551200000e-01
9.739061000000e-01  6.875734800000e-01
D 1 1
2.522224000000e-01  1.000000000000e+00
F 1 1
8.000000000000e-01  1.000000000000e+00
@END

@ATOMBASIS CR
S 6 1
5.178981000000e+04  1.776180000000e-03
7.776849000000e+03  1.360476000000e-02
1.771385000000e+03  6.706925000000e-02
4.991588000000e+02  2.323104000000e-01
1.597982000000e+02  4.802410000000e-01
5.447021000000e+01  3.487653000000e-01
S 6 1
1.064328000000e+03  2.399670000000e-03
2.532138000000e+02  3.194886000000e-02
8.160924000000e+01  1.250868000000e-01
3.048193000000e+01 -3.221866000000e-02
1.229439000000e+01 -6.172284000000e-01
5.037722000000e+00 -4.525936000000e-01
P 6 1
1.064328000000e+03  3.987000000000e-03
2.532138000000e+02  3.104662000000e-02
8.160924000000e+01  1.350518000000e-01
3.048193000000e+01  3.448865000000e-01
1.229439000000e+01  4.628571000000e-01
5.037722000000e+00  2.110426000000e-01
S 6 1
4.156291000000e+01 -3.454220000000e-03
1.367627000000e+01  7.218428000000e-02
5.844390000000e+00  2.544820000000e-01
2.471609000000e+00 -2.934534000000e-01
1.028308000000e+00 -7.385455000000e-01
4.072500000000e-01 -1.947157000000e-01
P 6 1
4.156291000000e+01 -6.722500000000e-03
1.367627000000e+01 -2.806471000000e-02
5.844390000000e+00  5.820028000000e-02
2.471609000000e+00  3.916988000000e-01
1.028308000000e+00  5.047823000000e-01
4.072500000000e-01  1.790290000000e-01
S 3 1
1.571464000000e+00  5.892219000000e-02
6.055800000000e-01  2.976055000000e-01
9.856100000000e-02 -1.147506000000e+00
P 3 1
1.571464000000e+00 -1.930100000000e-01
6.055800000000e-01  9.605620000000e-02
9.856100000000e-02  9.817609000000e-01
S 1 1
3.645900000000e-02  1.000000000000e+00
P 1 1
3.645900000000e-02  1.000000000000e+00
D 3 1
1.353674720000e+01  1.119134800000e-01
3.440159800000e+00  4.307135300000e-01
9.443297000000e-01  6.725709400000e-01
D 1 1
2.197057000000e-01  1.000000000000e+00
F 1 1
8.000000000000e-01  1.000000000000e+00
@END

@ATOMBASIS MN
S 6 1
5.634714000000e+04  1.771580000000e-03
8.460943000000e+03  1.357081000000e-02
1.927325000000e+03  6.690605000000e-02
5.432343000000e+02  2.318541000000e-01
1.739905000000e+02  4.799046000000e-01
5.936005000000e+01  3.495737000000e-01
S 6 1
1.165412000000e+03  2.388750000000e-03
2.773276000000e+02  3.181708000000e-02
8.947278000000e+01  1.254670000000e-01
3.348256000000e+01 -2.955431000000e-02
1.354037000000e+01 -6.175160000000e-01
5.557972000000e+00 -4.544458000000e-01
P 6 1
1.165412000000e+03  3.977320000000e-03
2.773276000000e+02  3.103112000000e-02
8.947278000000e+01  1.351894000000e-01
3.348256000000e+01  3.457387000000e-01
1.354037000000e+01  4.629205000000e-01
5.557972000000e+00  2.090592000000e-01
S 6 1
4.583532000000e+01 -3.665860000000e-03
1.518777000000e+01  7.231971000000e-02
6.500710000000e+00  2.544486000000e-01
2.751583000000e+00 -2.910380000000e-01
1.145404000000e+00 -7.359860000000e-01
4.536870000000e-01 -1.997617000000e-01
P 6 1
4.583532000000e+01 -6.887580000000e-03
1.518777000000e+01 -2.846816000000e-02
6.500710000000e+00  6.031832000000e-02
2.751583000000e+00  3.938961000000e-01
1.145404000000e+00  5.013769000000e-01
4.536870000000e-01  1.792264000000e-01
S 3 1
1.757999000000e+00  5.628572000000e-02
6.670220000000e-01  2.897491000000e-01
1.051290000000e-01 -1.140653000000e+00
P 3 1
1.757999000000e+00 -5.035024000000e-01
6.670220000000e-01  2.345011000000e-01
1.051290000000e-01  9.141257000000e-01
S 1 1
3.841800000000e-02  1.000000000000e+00
P 1 1
3.841800000000e-02  1.000000000000e+00
D 3 1
1.746403570000e+01  1.021965000000e-01
4.523553300000e+00  4.169414100000e-01
1.304193100000e+00  6.799648300000e-01
D 1 1
3.369194000000e-01  1.000000000000e+00
F 1 1
8.000000000000e-01  1.000000000000e+00
@END

@ATOMBASIS FE
S 6 1
6.113262000000e+04  1.766110000000e-03
9.179342000000e+03  1.353038000000e-02
2.090857000000e+03  6.673128000000e-02
5.892479000000e+02  2.314823000000e-01
1.887543000000e+02  4.797058000000e-01
6.444629000000e+01  3.501976000000e-01
S 6 1
1.259980000000e+03  2.438010000000e-03
2.998761000000e+02  3.224048000000e-02
9.684917000000e+01  1.265724000000e-01
3.631020000000e+01 -3.139902000000e-02
1.472996000000e+01 -6.207593000000e-01
6.066075000000e+00 -4.502914000000e-01
P 6 1
1.259980000000e+03  4.028020000000e-03
2.998761000000e+02  3.144647000000e-02
9.684917000000e+01  1.368317000000e-01
3.631020000000e+01  3.487236000000e-01
1.472996000000e+01  4.617931000000e-01
6.066075000000e+00  2.043058000000e-01
S 6 1
5.043485000000e+01 -3.873260000000e-03
1.683929000000e+01  7.196598000000e-02
7.192086000000e+00  2.556591000000e-01
3.053420000000e+00 -2.882837000000e-01
1.273643000000e+00 -7.342822000000e-01
5.040910000000e-01 -2.049353000000e-01
P 6 1
5.043485000000e+01 -7.017130000000e-03
1.683929000000e+01 -2.877660000000e-02
7.192086000000e+00  6.181383000000e-02
3.053420000000e+00  3.954946000000e-01
1.273643000000e+00  4.989059000000e-01
5.040910000000e-01  1.791251000000e-01
S 3 1
1.950316000000e+00  5.694869000000e-02
7.367210000000e-01  2.882915000000e-01
1.141770000000e-01 -1.138159000000e+00
P 3 1
1.950316000000e+00 -4.593796000000e-01
7.367210000000e-01  2.852139000000e-01
1.141770000000e-01  9.076485000000e-01
S 1 1
4.114800000000e-02  1.000000000000e+00
P 1 1
4.114800000000e-02  1.000000000000e+00
D 3 1
1.929604880000e+01  1.050074100000e-01
5.021650100000e+00  4.228008000000e-01
1.441445500000e+00  6.740867800000e-01
D 1 1
3.646837000000e-01  1.000000000000e+00
F 1 1
8.000000000000e-01  1.000000000000e+00
@END

@ATOMBASIS CO
S 6 1
6.614899000000e+04  1.759790000000e-03
9.933077000000e+03  1.348162000000e-02
2.262816000000e+03  6.649342000000e-02
6.379154000000e+02  2.307939000000e-01
2.044122000000e+02  4.792919000000e-01
6.982538000000e+01  3.514097000000e-01
S 6 1
1.378841000000e+03  2.376280000000e-03
3.282694000000e+02  3.167450000000e-02
1.060946000000e+02  1.262888000000e-01
3.983275000000e+01 -2.584552000000e-02
1.618622000000e+01 -6.183491000000e-01
6.667788000000e+00 -4.567008000000e-01
P 6 1
1.378841000000e+03  3.971490000000e-03
3.282694000000e+02  3.108174000000e-02
1.060946000000e+02  1.357439000000e-01
3.983275000000e+01  3.476827000000e-01
1.618622000000e+01  4.626340000000e-01
6.667788000000e+00  2.051632000000e-01
S 6 1
5.452355000000e+01 -3.993000000000e-03
1.829783000000e+01  7.409663000000e-02
7.867348000000e+00  2.542000000000e-01
3.340534000000e+00 -2.921657000000e-01
1.393756000000e+00 -7.318703000000e-01
5.513260000000e-01 -2.040784000000e-01
P 6 1
5.452355000000e+01 -7.290770000000e-03
1.829783000000e+01 -2.926027000000e-02
7.867348000000e+00  6.564150000000e-02
3.340534000000e+00  4.000652000000e-01
1.393756000000e+00  4.950236000000e-01
5.513260000000e-01  1.758240000000e-01
S 3 1
2.151947000000e+00  5.379843000000e-02
8.110630000000e-01  2.759971000000e-01
1.210170000000e-01 -1.129692000000e+00
P 3 1
2.151947000000e+00 -2.165496000000e-01
8.110630000000e-01  1.240488000000e-01
1.210170000000e-01  9.724064000000e-01
S 1 1
4.303700000000e-02  1.000000000000e+00
P 1 1
4.303700000000e-02  1.000000000000e+00
D 3 1
2.133427760000e+01  1.068275300000e-01
5.576819400000e+00  4.266878700000e-01
1.598512700000e+00  6.698677000000e-01
D 1 1
3.995329000000e-01  1.000000000000e+00
F 1 1
8.000000000000e-01  1.000000000000e+00
@END

@ATOMBASIS NI
S 6 1
7.139635000000e+04  1.753000000000e-03
1.072084000000e+04  1.343122000000e-02
2.442129000000e+03  6.627041000000e-02
6.884265000000e+02  2.302508000000e-01
2.206153000000e+02  4.790186000000e-01
7.539373000000e+01  3.523444000000e-01
S 6 1
1.492532000000e+03  2.370710000000e-03
3.554013000000e+02  3.160566000000e-02
1.149534000000e+02  1.266335000000e-01
4.322043000000e+01 -2.417037000000e-02
1.759710000000e+01 -6.187775000000e-01
7.257765000000e+00 -4.576770000000e-01
P 6 1
1.492532000000e+03  3.967550000000e-03
3.554013000000e+02  3.109479000000e-02
1.149534000000e+02  1.359517000000e-01
4.322043000000e+01  3.485136000000e-01
1.759710000000e+01  4.625498000000e-01
7.257765000000e+00  2.035186000000e-01
S 6 1
5.935261000000e+01 -4.162000000000e-03
2.002181000000e+01  7.425111000000e-02
8.614561000000e+00  2.541360000000e-01
3.660531000000e+00 -2.903477000000e-01
1.528111000000e+00 -7.302121000000e-01
6.040570000000e-01 -2.076057000000e-01
P 6 1
5.935261000000e+01 -7.421450000000e-03
2.002181000000e+01 -2.953410000000e-02
8.614561000000e+00  6.731852000000e-02
3.660531000000e+00  4.016660000000e-01
1.528111000000e+00  4.926623000000e-01
6.040570000000e-01  1.756893000000e-01
S 3 1
2.379276000000e+00  5.157888000000e-02
8.858390000000e-01  2.707611000000e-01
1.285290000000e-01 -1.124770000000e+00
P 3 1
2.379276000000e+00 -1.887663000000e-01
8.858390000000e-01  1.015199000000e-01
1.285290000000e-01  9.790906000000e-01
S 1 1
4.519500000000e-02  1.000000000000e+00
P 1 1
4.519500000000e-02  1.000000000000e+00
D 3 1
2.347974500000e+01  1.083435500000e-01
6.161805900000e+00  4.298776400000e-01
1.764545100000e+00  6.663191600000e-01
D 1 1
4.366866000000e-01  1.000000000000e+00
F 1 1
8.000000000000e-01  1.000000000000e+00
@END

@ATOMBASIS CU
S 6 1
7.679438000000e+04  1.748160000000e-03
1.153070000000e+04  1.339602000000e-02
2.626575000000e+03  6.610885000000e-02
7.404903000000e+02  2.298265000000e-01
2.373528000000e+02  4.787675000000e-01
8.115818000000e+01  3.530739000000e-01
S 6 1
1.610814000000e+03  2.364050000000e-03
3.836367000000e+02  3.153635000000e-02
1.241733000000e+02  1.269452000000e-01
4.674678000000e+01 -2.262840000000e-02
1.906569000000e+01 -6.192080000000e-01
7.871567000000e+00 -4.585393000000e-01
P 6 1
1.610814000000e+03  3.963310000000e-03
3.836367000000e+02  3.110223000000e-02
1.241733000000e+02  1.361350000000e-01
4.674678000000e+01  3.492914000000e-01
1.906569000000e+01  4.624780000000e-01
7.871567000000e+00  2.020102000000e-01
S 6 1
6.445732000000e+01 -4.331080000000e-03
2.185212000000e+01  7.412307000000e-02
9.405343000000e+00  2.542108000000e-01
3.999168000000e+00 -2.874843000000e-01
1.670297000000e+00 -7.291436000000e-01
6.596270000000e-01 -2.113951000000e-01
P 6 1
6.445732000000e+01 -7.523730000000e-03
2.185212000000e+01 -2.975687000000e-02
9.405343000000e+00  6.849654000000e-02
3.999168000000e+00  4.027141000000e-01
1.670297000000e+00  4.908490000000e-01
6.596270000000e-01  1.759268000000e-01
S 3 1
2.600088000000e+00  5.027577000000e-02
9.630940000000e-01  2.650040000000e-01
1.361610000000e-01 -1.120155000000e+00
P 3 1
2.600088000000e+00 -1.702911000000e-01
9.630940000000e-01  9.310133000000e-02
1.361610000000e-01  9.814336000000e-01
S 1 1
4.733200000000e-02  1.000000000000e+00
P 1 1
4.733200000000e-02  1.000000000000e+00
D 3 1
2.375070760000e+01  1.176454500000e-01
6.200103200000e+00  4.444063000000e-01
1.719364200000e+00  6.546667300000e-01
D 1 1
3.881783000000e-01  1.000000000000e+00
F 1 1
8.000000000000e-01  1.000000000000e+00
@END
4b7df3c78cbf7aca68107b7e9a85d332