@BASIS_SET M6-31G

@ATOMBASIS TI
S 6 1
4.315295000000e+04  1.791870000000e-03
6.479571000000e+03  1.372392000000e-02
1.475675000000e+03  6.762830000000e-02
4.156991000000e+02  2.337642000000e-01
1.330006000000e+02  4.810696000000e-01
4.527222000000e+01  3.462280000000e-01
S 6 1
8.746826000000e+02  2.431010000000e-03
2.079785000000e+02  3.233027000000e-02
6.687918000000e+01  1.242520000000e-01
2.487347000000e+01 -3.903905000000e-02
9.968441000000e+00 -6.171789000000e-01
4.063826000000e+00 -4.473097000000e-01
P 6 1
8.746826000000e+02  4.017680000000e-03
2.079785000000e+02  3.113966000000e-02
6.687918000000e+01  1.349077000000e-01
2.487347000000e+01  3.431672000000e-01
9.968441000000e+00  4.625760000000e-01
4.063826000000e+00  2.154603000000e-01
S 6 1
3.364363000000e+01 -2.940360000000e-03
1.087565000000e+01  7.163103000000e-02
4.628225000000e+00  2.528915000000e-01
1.950126000000e+00 -2.966401000000e-01
8.094520000000e-01 -7.432215000000e-01
3.204740000000e-01 -1.853520000000e-01
P 6 1
3.364363000000e+01 -6.311620000000e-03
1.087565000000e+01 -2.697638000000e-02
4.628225000000e+00  5.316847000000e-02
1.950126000000e+00  3.845549000000e-01
8.094520000000e-01  5.127662000000e-01
3.204740000000e-01  1.811135000000e-01
S 3 1
1.224148000000e+00  6.351465000000e-02
4.842630000000e-01  3.151404000000e-01
8.409600000000e-02 -1.162595000000e+00
P 3 1
1.224148000000e+00 -2.112070000000e-01
4.842630000000e-01  7.771998000000e-02
8.409600000000e-02  9.898214000000e-01
S 1 1
3.203600000000e-02  1.000000000000e+00
P 1 1
3.203600000000e-02  1.000000000000e+00
D 3 1
1.138028730000e+01  1.000655600000e-01
2.878565400000e+00  4.084975300000e-01
8.146824000000e-01  6.922977300000e-01
D 1 1
2.106293000000e-01  1.000000000000e+00
@END
cb533747cd9418679f6d0149c0bcaa83