@BASIS_SET MIDI!

@ATOMBASIS H
S 2 1
4.501800000000e+00  7.045200000000e-02
6.814440000000e-01  4.078260000000e-01
S 1 1
1.513980000000e-01  1.000000000000e+00
@END

@ATOMBASIS C
S 3 1
1.531722600000e+02  7.074000000000e-02
2.307303000000e+01  3.953800000000e-01
4.923290000000e+00  6.633110000000e-01
S 2 1
5.725570000000e+00 -8.138000000000e-02
4.550400000000e-01  5.748530000000e-01
S 1 1
1.470700000000e-01  1.000000000000e+00
P 2 1
4.251310000000e+00  1.099310000000e-01
8.632700000000e-01  4.627130000000e-01
P 1 1
2.013500000000e-01  1.000000000000e+00
@END

@ATOMBASIS N
S 3 1
2.183644900000e+02  6.787000000000e-02
3.259889000000e+01  3.902020000000e-01
6.917390000000e+00  6.700830000000e-01
S 2 1
8.326380000000e+00 -8.089000000000e-02
6.591900000000e-01  5.672020000000e-01
S 1 1
2.100900000000e-01  1.000000000000e+00
P 2 1
6.120350000000e+00  1.159190000000e-01
1.259380000000e+00  4.699580000000e-01
P 1 1
2.914500000000e-01  1.000000000000e+00
D 1 1
8.500000000000e-01  1.000000000000e+00
@END

@ATOMBASIS O
S 3 1
2.818665800000e+02  6.906000000000e-02
4.241600000000e+01  3.931590000000e-01
9.095620000000e+00  6.656690000000e-01
S 2 1
1.146603000000e+01 -8.082000000000e-02
8.878600000000e-01  5.820900000000e-01
S 1 1
2.788000000000e-01  1.000000000000e+00
P 2 1
8.047240000000e+00  1.242710000000e-01
1.668420000000e+00  4.765940000000e-01
P 1 1
3.725100000000e-01  1.000000000000e+00
D 1 1
8.000000000000e-01  1.000000000000e+00
@END

@ATOMBASIS F
S 3 1
3.683711200000e+02  6.704000000000e-02
5.506106000000e+01  3.892490000000e-01
1.174767000000e+01  6.707880000000e-01
S 2 1
1.515184000000e+01 -8.055000000000e-02
1.151370000000e+00  5.877290000000e-01
S 1 1
3.581100000000e-01  1.000000000000e+00
P 2 1
1.057707000000e+01  1.262700000000e-01
2.194980000000e+00  4.779480000000e-01
P 1 1
4.793700000000e-01  1.000000000000e+00
D 1 1
1.000000000000e+00  1.000000000000e+00
@END

@ATOMBASIS SI
S 3 1
9.106550000000e+02  6.608200000000e-02
1.373360000000e+02  3.862290000000e-01
2.976010000000e+01  6.723800000000e-01
S 3 1
3.667160000000e+01 -1.045110000000e-01
8.317290000000e+00  1.074100000000e-01
2.216450000000e+00  9.514460000000e-01
S 2 1
1.079130000000e+00 -3.761080000000e-01
3.024220000000e-01  1.251650000000e+00
S 1 1
9.333900000000e-02  1.000000000000e+00
P 3 1
3.667160000000e+01  1.133550000000e-01
8.317290000000e+00  4.575780000000e-01
2.216450000000e+00  6.074270000000e-01
P 2 1
1.079130000000e+00  6.710300000000e-02
3.024220000000e-01  9.568830000000e-01
P 1 1
9.333900000000e-02  1.000000000000e+00
D 1 1
4.000000000000e-01  1.000000000000e+00
@END

@ATOMBASIS P
S 3 1
1.053265800000e+03  6.586500000000e-02
1.587904400000e+02  3.845780000000e-01
3.442440700000e+01  6.739630000000e-01
S 3 1
4.545038000000e+01 -9.265500000000e-02
3.899926000000e+00  6.265130000000e-01
1.488507000000e+00  4.410390000000e-01
S 2 1
2.300841000000e+00 -1.805490000000e-01
2.989590000000e-01  6.809520000000e-01
S 1 1
1.088540000000e-01  1.000000000000e+00
P 3 1
4.610001900000e+01  1.053880000000e-01
1.016505700000e+01  4.597120000000e-01
2.644794000000e+00  6.137140000000e-01
P 2 1
6.326860000000e-01  2.358850000000e-01
2.402190000000e-01  5.541600000000e-01
P 1 1
8.644700000000e-02  1.000000000000e+00
D 1 1
2.500000000000e-01  1.000000000000e+00
@END

@ATOMBASIS S
S 3 1
1.201458400000e+03  6.576500000000e-02
1.813921200000e+02  3.839480000000e-01
3.940479500000e+01  6.743720000000e-01
S 3 1
5.213903000000e+01 -9.423200000000e-02
4.528799000000e+00  6.354680000000e-01
1.754938000000e+00  4.315060000000e-01
S 2 1
2.840437000000e+00  1.900420000000e-01
3.814330000000e-01 -6.855270000000e-01
S 1 1
1.387860000000e-01  1.000000000000e+00
P 3 1
5.464407100000e+01  1.036730000000e-01
1.212290200000e+01  4.581900000000e-01
3.206504000000e+00  6.134000000000e-01
P 2 1
8.632740000000e-01  2.294360000000e-01
1.086790000000e-01  3.537000000000e-01
P 1 1
3.181300000000e-01  1.000000000000e+00
D 1 1
4.000000000000e-01  1.000000000000e+00
@END

@ATOMBASIS CL
S 3 1
1.362022000000e+03  6.554400000000e-02
2.058111000000e+02  3.829870000000e-01
4.477216700000e+01  6.752100000000e-01
S 3 1
5.922573200000e+01 -9.562000000000e-02
5.213902000000e+00  6.414260000000e-01
2.047346000000e+00  4.251530000000e-01
S 2 1
3.419712000000e+00  1.964010000000e-01
4.700170000000e-01 -6.923600000000e-01
S 1 1
1.699580000000e-01  1.000000000000e+00
P 3 1
6.409995800000e+01  1.017890000000e-01
1.428713900000e+01  4.561070000000e-01
3.828135000000e+00  6.142820000000e-01
P 2 1
1.095126000000e+00  2.359030000000e-01
1.321760000000e-01  3.466000000000e-01
P 1 1
3.960040000000e-01  1.000000000000e+00
D 1 1
6.500000000000e-01  1.000000000000e+00
@END

@ATOMBASIS BR
S 3 1
6.103289900000e+03  6.241800000000e-02
9.236974300000e+02  3.720410000000e-01
2.025203100000e+02  6.858730000000e-01
S 3 1
2.706015000000e+02 -1.121490000000e-01
5.825357000000e+01  9.314500000000e-02
1.846933000000e+01  9.616790000000e-01
S 3 1
1.976142000000e+01 -2.938700000000e-01
6.821752000000e+00  2.802660000000e-01
2.291629000000e+00  9.020360000000e-01
S 2 1
2.131206000000e+00 -6.518030000000e-01
4.993540000000e-01  1.336012000000e+00
S 1 1
1.647640000000e-01  1.000000000000e+00
P 3 1
2.706015000000e+02  1.477510000000e-01
5.825357000000e+01  6.010560000000e-01
1.846933000000e+01  4.128700000000e-01
P 3 1
1.976142000000e+01  2.500700000000e-02
6.821752000000e+00  4.866100000000e-01
2.291629000000e+00  5.824230000000e-01
P 2 1
2.131206000000e+00  2.870800000000e-02
4.993540000000e-01  9.840700000000e-01
P 1 1
1.647640000000e-01  1.000000000000e+00
D 3 1
3.396509700000e+01  1.496670000000e-01
8.900831000000e+00  5.117480000000e-01
2.428436000000e+00  5.759150000000e-01
D 1 1
4.000000000000e-01  1.000000000000e+00
@END

@ATOMBASIS I
S 3 1
1.435118600000e+04  6.100300000000e-02
2.173074100000e+03  3.666400000000e-01
4.778720500000e+02  6.911310000000e-01
S 3 1
6.481887000000e+02 -1.128510000000e-01
1.403064000000e+02  8.322800000000e-02
4.569880000000e+01  9.697520000000e-01
S 3 1
5.669469000000e+01 -2.736970000000e-01
2.748875000000e+01  4.650000000000e-02
8.209096000000e+00  1.091576000000e+00
S 3 1
8.191679000000e+00 -4.508280000000e-01
3.244596000000e+00  4.632090000000e-01
1.300489000000e+00  8.386360000000e-01
S 2 1
1.451380000000e+00 -6.658520000000e-01
3.281030000000e-01  1.328584000000e+00
S 1 1
1.150760000000e-01  1.000000000000e+00
P 3 1
6.481887000000e+02  1.541140000000e-01
1.403064000000e+02  6.194620000000e-01
4.569880000000e+01  3.837580000000e-01
P 3 1
5.669469000000e+01 -1.523220000000e-01
2.748875000000e+01  5.437690000000e-01
8.209096000000e+00  6.561680000000e-01
P 3 1
8.191679000000e+00  1.187000000000e-02
3.244596000000e+00  5.265250000000e-01
1.300489000000e+00  5.266080000000e-01
P 2 1
1.451380000000e+00  2.754100000000e-02
3.281030000000e-01  9.851370000000e-01
P 1 1
1.150760000000e-01  1.000000000000e+00
D 3 1
1.280902600000e+02  1.158640000000e-01
3.598237800000e+01  4.820490000000e-01
1.155111600000e+01  5.894450000000e-01
D 3 1
6.146152000000e+00  2.681820000000e-01
2.220937000000e+00  5.800610000000e-01
8.099120000000e-01  3.262260000000e-01
D 1 1
4.000000000000e-01  1.000000000000e+00
@END
ba1c842b4c29a0543a6625b146fe237b