@BASIS_SET S6-31G

@ATOMBASIS NI
S 6 1
7.139635000000e+04  1.753000000000e-03
1.072084000000e+04  1.343122000000e-02
2.442129000000e+03  6.627041000000e-02
6.884265000000e+02  2.302508000000e-01
2.206153000000e+02  4.790186000000e-01
7.539373000000e+01  3.523444000000e-01
S 6 1
1.492532000000e+03  2.370710000000e-03
3.554013000000e+02  3.160566000000e-02
1.149534000000e+02  1.266335000000e-01
4.322043000000e+01 -2.417037000000e-02
1.759710000000e+01 -6.187775000000e-01
7.257765000000e+00 -4.576770000000e-01
P 6 1
1.492532000000e+03  3.967550000000e-03
3.554013000000e+02  3.109479000000e-02
1.149534000000e+02  1.359517000000e-01
4.322043000000e+01  3.485136000000e-01
1.759710000000e+01  4.625498000000e-01
7.257765000000e+00  2.035186000000e-01
S 6 1
5.935261000000e+01 -4.162000000000e-03
2.002181000000e+01  7.425111000000e-02
8.614561000000e+00  2.541360000000e-01
3.660531000000e+00 -2.903477000000e-01
1.528111000000e+00 -7.302121000000e-01
6.040570000000e-01 -2.076057000000e-01
P 6 1
5.935261000000e+01 -7.421450000000e-03
2.002181000000e+01 -2.953410000000e-02
8.614561000000e+00  6.731852000000e-02
3.660531000000e+00  4.016660000000e-01
1.528111000000e+00  4.926623000000e-01
6.040570000000e-01  1.756893000000e-01
S 3 1
2.379276000000e+00  5.157888000000e-02
8.858390000000e-01  2.707611000000e-01
1.285290000000e-01 -1.124770000000e+00
P 3 1
2.379276000000e+00 -1.887663000000e-01
8.858390000000e-01  1.015199000000e-01
1.285290000000e-01  9.790906000000e-01
S 1 1
4.519500000000e-02  1.000000000000e+00
P 1 1
4.519500000000e-02  1.000000000000e+00
D 3 1
2.819147000000e+01  9.098881000000e-02
7.523584000000e+00  3.958208000000e-01
2.271228000000e+00  6.947154000000e-01
D 1 1
6.116030000000e-01  1.000000000000e+00
D 1 1
1.739300000000e-01  1.000000000000e+00
@END
a42a6de02f525b0c33094ae2a1e9f98f