@BASIS_SET SADLEJ-PVTZ
!   Sadlej pVTZ  EMSL  Basis Set Exchange Library   10/3/18 11:38 PM
! A. J. Sadlej, Collec. Czech. Chem. Commun.  53, 1995 (1988)
! A. J. Sadlej and M. Urban, J. Mol. Struct. (THEOCHEM) 234, 147 (1991)
! A. J. Sadlej, Theor. Chim. Acta 79, 123 (1992)
! A. J. Sadlej, Theor. Chim. Acta 81, 45 (1992)
! A. J. Sadlej, Theor. Chim. Acta 81, 339 (1992)
!

@ATOMBASIS H
S 4  1
3.386501400000e+01  6.068000000000e-03
5.094788000000e+00  4.531600000000e-02
1.158786000000e+00  2.028460000000e-01
3.258400000000e-01  5.037090000000e-01
S 1  1
1.027410000000e-01  1.000000000000e+00
S 1  1
3.240000000000e-02  1.000000000000e+00
P 2  1
1.158800000000e+00  1.884400000000e-01
3.258000000000e-01  8.824200000000e-01
P 2  1
1.027000000000e-01  1.178000000000e-01
3.240000000000e-02  4.200000000000e-03
@END

@ATOMBASIS LI
S 5  1
1.359446600000e+03  8.440000000000e-04
2.040264700000e+02  6.486000000000e-03
4.654954100000e+01  3.247700000000e-02
1.323259400000e+01  1.174200000000e-01
4.286148000000e+00  2.945800000000e-01
S 2  1
1.495542000000e+00  4.495150000000e-01
5.422380000000e-01  5.422380000000e-01
S 1  1
7.396800000000e-02  1.000000000000e+00
S 1  1
2.809500000000e-02  1.000000000000e+00
S 1  1
1.067100000000e-02  1.000000000000e+00
P 4  1
4.170000000000e+00  5.112000000000e-03
1.172560000000e+00  2.090700000000e-02
3.292700000000e-01  9.167200000000e-02
9.271000000000e-02  4.492600000000e-01
P 1  1
2.607000000000e-02  1.000000000000e+00
P 1  1
7.331000000000e-03  1.000000000000e+00
D 2  1
3.292700000000e-01  1.597570000000e-01
9.271000000000e-02  1.475484000000e+00
D 2  1
2.607000000000e-02  3.705780000000e-01
7.331000000000e-03  1.784700000000e-02
@END

@ATOMBASIS BE
S 5  1
2.732328100000e+03  7.450000000000e-04
4.103198100000e+02  5.722000000000e-03
9.367264800000e+01  2.888000000000e-02
2.658795700000e+01  1.070760000000e-01
8.629560000000e+00  2.801010000000e-01
S 2  1
3.056264000000e+00  4.454480000000e-01
1.132424000000e+00  2.802620000000e-01
S 1  1
1.817320000000e-01  1.000000000000e+00
S 1  1
5.917000000000e-02  1.000000000000e+00
S 1  1
1.926500000000e-02  1.000000000000e+00
P 4  1
7.640000000000e+00  4.630000000000e-03
1.863600000000e+00  3.296100000000e-02
4.550900000000e-01  1.204040000000e-01
1.110700000000e-01  3.395230000000e-01
P 1  1
2.710800000000e-02  1.000000000000e+00
P 1  1
6.616000000000e-03  1.000000000000e+00
D 2  1
4.550900000000e-01  1.784800000000e-01
1.110700000000e-01  1.018760000000e+00
D 2  1
2.710800000000e-02  4.223640000000e-01
6.616000000000e-03  6.003300000000e-02
@END

@ATOMBASIS C
S 5  1
5.240635300000e+03  9.370000000000e-04
7.822048000000e+02  7.228000000000e-03
1.783508300000e+02  3.634400000000e-02
5.081594200000e+01  1.306000000000e-01
1.682356200000e+01  3.189310000000e-01
S 2  1
6.175776000000e+00  4.387420000000e-01
2.418049000000e+00  2.149740000000e-01
S 1  1
5.119000000000e-01  1.000000000000e+00
S 1  1
1.565900000000e-01  1.000000000000e+00
S 1  1
4.790000000000e-02  1.000000000000e+00
P 4  1
1.884180000000e+01  1.388700000000e-02
4.159240000000e+00  8.627900000000e-02
1.206710000000e+00  2.887440000000e-01
3.855400000000e-01  4.994110000000e-01
P 1  1
1.219400000000e-01  1.000000000000e+00
P 1  1
3.856800000000e-02  1.000000000000e+00
D 2  1
1.206700000000e+00  2.628500000000e-01
3.855000000000e-01  8.043000000000e-01
D 2  1
1.219000000000e-01  6.535000000000e-01
3.860000000000e-02  8.636000000000e-01
@END

@ATOMBASIS N
S 5  1
8.104071600000e+03  8.020000000000e-04
1.216021500000e+03  6.174000000000e-03
2.772342800000e+02  3.123300000000e-02
7.690402300000e+01  1.151980000000e-01
2.587441900000e+01  2.969510000000e-01
S 2  1
9.346767000000e+00  4.473490000000e-01
3.579794000000e+00  2.450030000000e-01
S 1  1
7.396100000000e-01  1.000000000000e+00
S 1  1
2.226170000000e-01  1.000000000000e+00
S 1  1
6.700600000000e-02  1.000000000000e+00
P 4  1
2.686898700000e+01  1.447800000000e-02
5.991227000000e+00  9.115600000000e-02
1.750842000000e+00  2.974200000000e-01
5.605110000000e-01  4.937960000000e-01
P 1  1
1.759480000000e-01  1.000000000000e+00
P 1  1
5.523100000000e-02  1.000000000000e+00
D 2  1
1.750800000000e+00  2.247700000000e-01
5.605000000000e-01  6.595600000000e-01
D 2  1
1.795900000000e-01  8.713600000000e-01
5.520000000000e-02  7.042200000000e-01
@END

@ATOMBASIS O
S 5  1
1.066228500000e+04  7.990000000000e-04
1.599709700000e+03  6.153000000000e-03
3.647252600000e+02  3.115700000000e-02
1.036517900000e+02  1.155960000000e-01
3.390580500000e+01  3.015520000000e-01
S 2  1
1.228746900000e+01  4.448700000000e-01
4.756805000000e+00  2.431720000000e-01
S 1  1
1.004271000000e+00  1.000000000000e+00
S 1  1
3.006860000000e-01  1.000000000000e+00
S 1  1
9.003000000000e-02  1.000000000000e+00
P 4  1
3.485646300000e+01  1.564800000000e-02
7.843131000000e+00  9.819700000000e-02
2.306249000000e+00  3.077680000000e-01
7.231640000000e-01  4.924700000000e-01
P 1  1
2.148820000000e-01  1.000000000000e+00
P 1  1
6.385000000000e-02  1.000000000000e+00
D 2  1
2.306200000000e+00  2.027000000000e-01
7.232000000000e-01  5.791000000000e-01
D 2  1
2.149000000000e-01  7.854500000000e-01
6.390000000000e-02  5.338700000000e-01
@END

@ATOMBASIS F
S 5  1
1.352152300000e+04  8.010000000000e-04
2.028691600000e+03  6.164000000000e-03
4.623739200000e+02  3.124400000000e-02
1.313736600000e+02  1.160810000000e-01
4.297453100000e+01  3.035890000000e-01
S 2  1
1.557144000000e+01  4.459040000000e-01
6.032232000000e+00  2.391150000000e-01
S 1  1
1.307215000000e+00  1.000000000000e+00
S 1  1
3.888690000000e-01  1.000000000000e+00
S 1  1
1.156800000000e-01  1.000000000000e+00
P 4  1
4.414730300000e+01  1.650900000000e-02
9.993426000000e+00  1.034810000000e-01
2.953246000000e+00  3.154810000000e-01
9.185970000000e-01  4.893530000000e-01
P 1  1
2.668240000000e-01  1.000000000000e+00
P 1  1
7.750000000000e-02  1.000000000000e+00
D 2  1
2.953200000000e+00  1.835400000000e-01
9.186000000000e-01  5.105800000000e-01
D 2  1
2.668000000000e-01  6.992500000000e-01
7.750000000000e-02  4.292600000000e-01
@END

@ATOMBASIS NA
S 6  1
3.616640000000e+04  1.032000000000e-03
5.372580000000e+03  8.071000000000e-03
1.213210000000e+03  4.212800000000e-02
3.396200000000e+02  1.697860000000e-01
1.095500000000e+02  5.146090000000e-01
3.877700000000e+01  3.798340000000e-01
S 3  1
3.877700000000e+01  3.747630000000e-01
1.457600000000e+01  5.757710000000e-01
5.269900000000e+00  1.139280000000e-01
S 1  1
1.827800000000e+00  1.000000000000e+00
S 1  1
6.199000000000e-01  1.000000000000e+00
S 1  1
5.720000000000e-02  1.000000000000e+00
S 1  1
2.400000000000e-02  1.000000000000e+00
S 1  1
1.010000000000e-02  1.000000000000e+00
P 6  1
1.446450000000e+02  5.457000000000e-03
3.390700000000e+01  3.913800000000e-02
1.062900000000e+01  1.519240000000e-01
3.823900000000e+00  3.330980000000e-01
1.444300000000e+00  4.222840000000e-01
5.526000000000e-01  2.811970000000e-01
P 1  1
1.887000000000e-01  1.000000000000e+00
P 1  1
4.650000000000e-02  1.000000000000e+00
P 1  1
1.630000000000e-02  1.000000000000e+00
P 1  1
5.700000000000e-03  1.000000000000e+00
D 2  1
1.444300000000e+00  3.513790000000e-01
5.526000000000e-01  3.782730000000e-01
D 2  1
1.887000000000e-01  1.118000000000e-02
4.650000000000e-02  2.787510000000e-01
@END

@ATOMBASIS MG
S 6  1
4.388650000000e+04  9.180000000000e-04
6.605370000000e+03  7.047000000000e-03
1.513260000000e+03  3.594100000000e-02
4.323170000000e+02  1.414610000000e-01
1.421490000000e+02  4.267630000000e-01
5.139800000000e+01  4.979760000000e-01
S 3  1
5.139800000000e+01  2.513550000000e-01
1.992000000000e+01  6.186710000000e-01
8.024700000000e+00  1.884160000000e-01
S 1  1
2.508200000000e+00  1.000000000000e+00
S 1  1
8.715000000000e-01  1.000000000000e+00
S 1  1
1.082000000000e-01  1.000000000000e+00
S 1  1
4.010000000000e-02  1.000000000000e+00
S 1  1
1.490000000000e-02  1.000000000000e+00
P 6  1
1.938540000000e+02  4.802000000000e-03
4.544200000000e+01  3.551600000000e-02
1.418600000000e+01  1.448930000000e-01
5.057500000000e+00  3.381790000000e-01
1.888600000000e+00  4.411040000000e-01
7.227000000000e-01  2.608490000000e-01
P 1  1
2.364000000000e-01  1.000000000000e+00
P 1  1
9.340000000000e-02  1.000000000000e+00
P 1  1
3.480000000000e-02  1.000000000000e+00
P 1  1
1.300000000000e-02  1.000000000000e+00
D 2  1
1.888600000000e+00  3.209750000000e-01
7.227000000000e-01  3.068390000000e-01
D 2  1
2.364000000000e-01  2.804400000000e-02
9.340000000000e-02  1.785540000000e-01
@END

@ATOMBASIS SI
S 6  1
6.937923000000e+04  7.570000000000e-04
1.035494000000e+04  5.932000000000e-03
2.333880000000e+03  3.108800000000e-02
6.571400000000e+02  1.249660000000e-01
2.143000000000e+02  3.868960000000e-01
7.762900000000e+01  5.548900000000e-01
S 3  1
7.762900000000e+01  1.778820000000e-01
3.063100000000e+01  6.277560000000e-01
1.280100000000e+01  2.476310000000e-01
S 1  1
3.926900000000e+00  1.000000000000e+00
S 1  1
1.452300000000e+00  1.000000000000e+00
S 1  1
2.562000000000e-01  1.000000000000e+00
S 1  1
9.430000000000e-02  1.000000000000e+00
S 1  1
3.470000000000e-02  1.000000000000e+00
P 6  1
3.354800000000e+02  3.616000000000e-03
7.890000000000e+01  2.786600000000e-02
2.498800000000e+01  1.186780000000e-01
9.219700000000e+00  2.987500000000e-01
3.621100000000e+00  4.411920000000e-01
1.451300000000e+00  3.127010000000e-01
P 1  1
5.050000000000e-01  1.000000000000e+00
P 1  1
1.863000000000e-01  1.000000000000e+00
P 1  1
6.540000000000e-02  1.000000000000e+00
P 1  1
2.300000000000e-02  1.000000000000e+00
D 2  1
5.050000000000e-01  2.261000000000e-01
1.863000000000e-01  1.075900000000e+00
D 2  1
6.540000000000e-02  1.636000000000e-01
2.300000000000e-02  1.077000000000e-01
@END

@ATOMBASIS P
S 6  1
7.749243000000e+04  7.870000000000e-04
1.160579000000e+04  6.109000000000e-03
2.645960000000e+03  3.136800000000e-02
7.549800000000e+02  1.242910000000e-01
2.487500000000e+02  3.806820000000e-01
9.115700000000e+01  5.599890000000e-01
S 3  1
9.115700000000e+01  1.639970000000e-01
3.622600000000e+01  6.259270000000e-01
1.521100000000e+01  2.622110000000e-01
S 1  1
4.713800000000e+00  1.000000000000e+00
S 1  1
1.782700000000e+00  1.000000000000e+00
S 1  1
3.425000000000e-01  1.000000000000e+00
S 1  1
1.246000000000e-01  1.000000000000e+00
S 1  1
4.530000000000e-02  1.000000000000e+00
P 6  1
3.848400000000e+02  3.765000000000e-04
9.055200000000e+01  2.901000000000e-02
2.880600000000e+01  1.229530000000e-01
1.068800000000e+01  3.064700000000e-01
4.252100000000e+00  4.413490000000e-01
1.740500000000e+00  2.958170000000e-01
P 1  1
5.979000000000e-01  1.000000000000e+00
P 1  1
2.292000000000e-01  1.000000000000e+00
P 1  1
8.380000000000e-02  1.000000000000e+00
P 1  1
3.060000000000e-02  1.000000000000e+00
D 2  1
5.979000000000e-01  3.093000000000e-01
2.292000000000e-01  9.715000000000e-01
D 2  1
8.380000000000e-02  1.278000000000e-01
3.060000000000e-02  7.740000000000e-02
@END

@ATOMBASIS S
S 6  1
9.941340000000e+04  7.420000000000e-04
1.396170000000e+04  5.790000000000e-03
3.169900000000e+03  2.994100000000e-02
9.024600000000e+02  1.189750000000e-01
2.971600000000e+02  3.682900000000e-01
1.087020000000e+02  5.774890000000e-01
S 3  1
1.087020000000e+02  1.429320000000e-01
4.315500000000e+01  6.246490000000e-01
1.810800000000e+01  2.834000000000e-01
S 1  1
5.570500000000e+00  1.000000000000e+00
S 1  1
2.142700000000e+00  1.000000000000e+00
S 1  1
4.340000000000e-01  1.000000000000e+00
S 1  1
1.570000000000e-01  1.000000000000e+00
S 1  1
5.680000000000e-02  1.000000000000e+00
P 6  1
4.950400000000e+02  3.171000000000e-03
1.172200000000e+02  2.464300000000e-02
3.750700000000e+01  1.078450000000e-01
1.391000000000e+01  2.884890000000e-01
5.504500000000e+00  4.481080000000e-01
2.243300000000e+00  3.205170000000e-01
P 1  1
7.762000000000e-01  1.000000000000e+00
P 1  1
2.919000000000e-01  1.000000000000e+00
P 1  1
1.029000000000e-01  1.000000000000e+00
P 1  1
3.630000000000e-02  1.000000000000e+00
D 2  1
7.762000000000e-01  2.915000000000e-01
2.919000000000e-01  8.966000000000e-01
D 2  1
1.029000000000e-01  1.138000000000e-01
3.630000000000e-02  5.680000000000e-02
@END

@ATOMBASIS CL
S 6  1
1.058188000000e+05  7.430000000000e-04
1.587200000000e+04  5.754000000000e-03
3.619700000000e+03  2.967400000000e-02
1.030800000000e+03  1.179910000000e-01
3.399100000000e+02  3.653190000000e-01
1.245380000000e+02  5.811460000000e-01
S 3  1
1.245380000000e+02  1.375430000000e-01
4.951400000000e+01  6.229200000000e-01
2.080600000000e+01  2.901060000000e-01
S 1  1
6.464800000000e+00  1.000000000000e+00
S 1  1
2.525400000000e+00  1.000000000000e+00
S 1  1
5.378000000000e-01  1.000000000000e+00
S 1  1
1.935000000000e-01  1.000000000000e+00
S 1  1
6.960000000000e-02  1.000000000000e+00
P 6  1
5.897800000000e+02  2.982000000000e-03
1.398500000000e+02  2.337500000000e-02
4.479500000000e+01  1.039980000000e-01
1.661200000000e+01  2.844300000000e-01
6.599500000000e+00  4.506860000000e-01
2.714100000000e+00  3.230640000000e-01
P 1  1
9.528000000000e-01  1.000000000000e+00
P 1  1
3.580000000000e-01  1.000000000000e+00
P 1  1
1.250000000000e-01  1.000000000000e+00
P 1  1
4.360000000000e-02  1.000000000000e+00
D 2  1
9.528000000000e-01  2.853000000000e-01
3.580000000000e-01  8.169000000000e-01
D 2  1
1.250000000000e-01  1.013000000000e-01
4.360000000000e-02  4.300000000000e-02
@END

@ATOMBASIS K
S 9  1
1.513519000000e+05  2.585000000000e-04
2.274591000000e+04  1.992000000000e-03
5.227166000000e+03  1.014690000000e-02
1.500188000000e+03  4.036660000000e-02
4.954703000000e+02  1.273002000000e-01
1.809008000000e+02  2.985825000000e-01
7.121769000000e+01  4.185002000000e-01
2.938428000000e+01  2.370813000000e-01
8.699243000000e+00  2.020670000000e-02
S 9  1
1.513519000000e+05  7.450000000000e-05
2.274591000000e+04  5.698000000000e-04
5.227166000000e+03  2.959900000000e-03
1.500188000000e+03  1.176040000000e-02
4.954703000000e+02  4.002060000000e-02
1.809008000000e+02  1.023769000000e-01
7.121769000000e+01  2.050881000000e-01
2.938428000000e+01  1.351508000000e-01
8.699243000000e+00 -5.025714000000e-01
S 9  1
1.513519000000e+05 -2.450000000000e-05
2.274591000000e+04 -1.882000000000e-04
5.227166000000e+03 -9.718000000000e-04
1.500188000000e+03 -3.903900000000e-03
4.954703000000e+02 -1.318970000000e-02
1.809008000000e+02 -3.477070000000e-02
7.121769000000e+01 -7.005520000000e-02
2.938428000000e+01 -5.254560000000e-02
8.699243000000e+00  2.420632000000e-01
S 1  1
3.473304000000e+00  1.000000000000e+00
S 1  1
8.145620000000e-01  1.000000000000e+00
S 1  1
3.189150000000e-01  1.000000000000e+00
S 1  1
3.548400000000e-02  1.000000000000e+00
S 1  1
1.639000000000e-02  1.000000000000e+00
S 1  1
7.570000000000e-03  1.000000000000e+00
P 8  1
8.683903000000e+02  2.335100000000e-03
2.055765000000e+02  1.875440000000e-02
6.591230000000e+01  8.655860000000e-02
2.459863000000e+01  2.502799000000e-01
9.882281000000e+00  4.300397000000e-01
4.116751000000e+00  3.511437000000e-01
1.556004000000e+00  6.641970000000e-02
6.121880000000e-01 -5.125300000000e-02
P 8  1
8.683903000000e+02  1.788000000000e-04
2.055765000000e+02  5.764100000000e-03
6.591230000000e+01  2.746990000000e-02
2.459863000000e+01  8.139200000000e-02
9.882281000000e+00  1.513598000000e-01
4.116751000000e+00  1.082711000000e-01
1.556004000000e+00 -2.619370000000e-01
6.121880000000e-01 -5.840310000000e-01
P 1  1
2.230530000000e-01  1.000000000000e+00
P 1  1
8.126000000000e-02  1.000000000000e+00
P 1  1
2.961000000000e-02  1.000000000000e+00
P 1  1
1.079000000000e-02  1.000000000000e+00
P 1  1
3.930000000000e-03  1.000000000000e+00
D 2  1
6.121900000000e-01  5.723700000000e-01
2.230500000000e-01  6.652800000000e-01
D 2  1
2.961000000000e-02  3.765800000000e-01
1.079000000000e-02  3.729500000000e-01
@END

@ATOMBASIS CA
S 9  1
1.712971500000e+05  2.510000000000e-04
2.599743000000e+04  1.909000000000e-03
5.996480000000e+03  9.739200000000e-03
1.714730000000e+03  3.910600000000e-02
5.636532000000e+02  1.244994000000e-01
2.049460000000e+02  2.952087000000e-01
8.045147000000e+01  4.195611000000e-01
3.314092000000e+01  2.427536000000e-01
9.879146000000e+00  2.151540000000e-02
S 9  1
1.712971500000e+05 -7.310000000000e-05
2.599743000000e+04 -5.518000000000e-04
5.996480000000e+03 -2.869600000000e-03
1.714730000000e+03 -1.151110000000e-02
5.636532000000e+02 -3.947410000000e-02
2.049460000000e+02 -1.021232000000e-01
8.045147000000e+01 -2.061724000000e-01
3.314092000000e+01 -1.414723000000e-01
9.879146000000e+00  4.959007000000e-01
S 9  1
1.712971500000e+05  2.510000000000e-05
2.599743000000e+04  1.906000000000e-04
5.996480000000e+03  9.853000000000e-04
1.714730000000e+03  3.996200000000e-03
5.636532000000e+02  1.360870000000e-02
2.049460000000e+02  3.628250000000e-02
8.045147000000e+01  7.376420000000e-02
3.314092000000e+01  5.758500000000e-02
9.879146000000e+00 -2.526893000000e-01
S 1  1
3.994670000000e+00  1.000000000000e+00
S 1  1
9.853430000000e-01  1.000000000000e+00
S 1  1
4.116160000000e-01  1.000000000000e+00
S 1  1
6.560500000000e-02  1.000000000000e+00
S 1  1
2.674000000000e-02  1.000000000000e+00
S 1  1
1.062000000000e-02  1.000000000000e+00
P 8  1
1.003027000000e+03  2.220700000000e-03
2.378239000000e+02  1.786480000000e-02
7.656948000000e+01  8.273140000000e-02
2.873768000000e+01  2.419521000000e-01
1.163688000000e+01  4.242078000000e-01
4.903208000000e+00  3.585782000000e-01
1.923370000000e+00  7.503820000000e-02
7.800580000000e-01  4.510200000000e-03
P 8  1
1.003027000000e+03 -7.275000000000e-04
2.378239000000e+02 -5.853700000000e-03
7.656948000000e+01 -2.794790000000e-02
2.873768000000e+01 -8.405700000000e-02
1.163688000000e+01 -1.590285000000e-01
4.903208000000e+00 -1.215982000000e-01
1.923370000000e+00  2.485835000000e-01
7.800580000000e-01  5.954336000000e-01
P 1  1
2.937640000000e-01  1.000000000000e+00
P 1  1
1.106300000000e-01  1.000000000000e+00
P 1  1
4.166000000000e-02  1.000000000000e+00
P 1  1
1.569000000000e-02  1.000000000000e+00
P 1  1
5.910000000000e-03  1.000000000000e+00
D 2  1
7.800600000000e-01  5.187000000000e-01
2.937600000000e-01  5.658700000000e-01
D 2  1
4.166000000000e-02  3.333500000000e-01
1.569000000000e-02  1.408900000000e-01
@END

@ATOMBASIS BR
S 10  1
3.796777000000e+05  3.842000000000e-04
5.612518000000e+04  3.000300000000e-03
1.296735000000e+04  1.489070000000e-02
3.836082000000e+03  5.477460000000e-02
1.331996000000e+03  1.567715000000e-01
5.080421000000e+02  3.328099000000e-01
2.077812000000e+02  3.985678000000e-01
9.042185000000e+01  1.765368000000e-01
3.300437000000e+01  1.249060000000e-02
1.435639000000e+01 -1.721900000000e-03
S 10  1
3.796777000000e+05 -1.208000000000e-04
5.612518000000e+04 -9.411000000000e-04
1.296735000000e+04 -4.744200000000e-03
3.836082000000e+03 -1.770260000000e-02
1.331996000000e+03 -5.499180000000e-02
5.080421000000e+02 -1.333894000000e-01
2.077812000000e+02 -2.345111000000e-01
9.042185000000e+01 -9.721030000000e-02
3.300437000000e+01  5.425917000000e-01
1.435639000000e+01  5.718584000000e-01
S 10  1
3.796777000000e+05  4.800000000000e-05
5.612518000000e+04  3.749000000000e-04
1.296735000000e+04  1.882700000000e-03
3.836082000000e+03  7.097700000000e-03
1.331996000000e+03  2.201390000000e-02
5.080421000000e+02  5.533690000000e-02
2.077812000000e+02  9.950580000000e-02
9.042185000000e+01  4.981420000000e-02
3.300437000000e+01 -3.574409000000e-01
1.435639000000e+01 -5.171876000000e-01
S 10  1
3.796777000000e+05 -1.470000000000e-05
5.612518000000e+04 -1.147000000000e-04
1.296735000000e+04 -5.766000000000e-04
3.836082000000e+03 -2.173500000000e-03
1.331996000000e+03 -6.754700000000e-03
5.080421000000e+02 -1.701640000000e-02
2.077812000000e+02 -3.086650000000e-02
9.042185000000e+01 -1.561800000000e-02
3.300437000000e+01  1.175750000000e-01
1.435639000000e+01  1.828625000000e-01
S 1  1
4.728525000000e+00  1.000000000000e+00
S 1  1
2.032967000000e+00  1.000000000000e+00
S 1  1
4.127060000000e-01  1.000000000000e+00
S 1  1
1.561420000000e-01  1.000000000000e+00
S 1  1
5.907400000000e-02  1.000000000000e+00
P 8  1
3.167910000000e+03  2.464300000000e-03
7.625044000000e+02  1.959070000000e-02
2.493963000000e+02  9.116940000000e-02
9.523177000000e+01  2.656020000000e-01
3.992301000000e+01  4.355430000000e-01
1.778166000000e+01  3.117761000000e-01
7.677264000000e+00  6.020910000000e-02
3.342064000000e+00 -1.992900000000e-03
P 8  1
3.167910000000e+03 -9.940000000000e-04
7.625044000000e+02 -7.950100000000e-03
2.493963000000e+02 -3.828910000000e-02
9.523177000000e+01 -1.169117000000e-01
3.992301000000e+01 -2.090161000000e-01
1.778166000000e+01 -9.683760000000e-02
7.677264000000e+00  3.512283000000e-01
3.342064000000e+00  5.698537000000e-01
P 8  1
3.167910000000e+03  2.588000000000e-04
7.625044000000e+02  2.043800000000e-03
2.493963000000e+02  1.003860000000e-02
9.523177000000e+01  3.024520000000e-02
3.992301000000e+01  5.658970000000e-02
1.778166000000e+01  1.958550000000e-02
7.677264000000e+00 -1.056535000000e-01
3.342064000000e+00 -2.254965000000e-01
P 1  1
1.442422000000e+00  1.000000000000e+00
P 1  1
4.423200000000e-01  1.000000000000e+00
P 1  1
1.377720000000e-01  1.000000000000e+00
P 1  1
4.291300000000e-02  1.000000000000e+00
D 3  1
9.615001000000e+01  2.651280000000e-02
2.783908000000e+01  1.500642000000e-01
9.851067000000e+00  3.804896000000e-01
D 2  1
3.610187000000e+00  4.802772000000e-01
1.251544000000e+00  2.478854000000e-01
D 2  1
1.442400000000e+00  3.950000000000e-03
4.423000000000e-01  8.038800000000e-01
D 2  1
1.378000000000e-01  1.348000000000e-01
4.290000000000e-02  6.231000000000e-02
F 2  1
2.783910000000e+01  2.844100000000e-02
9.851070000000e+00  1.212280000000e-01
F 2  1
3.610190000000e+00  2.527710000000e-01
1.251540000000e+00  2.215790000000e-01
@END

@ATOMBASIS RB
S 11  1
4.329184000000e+05  3.702000000000e-04
6.581405000000e+04  2.795800000000e-03
1.536204000000e+04  1.385200000000e-02
4.506950000000e+03  5.253920000000e-02
1.533262000000e+03  1.548470000000e-01
5.810960000000e+02  3.266449000000e-01
2.402168000000e+02  3.942463000000e-01
1.061112000000e+02  1.884079000000e-01
4.082235000000e+01  1.691090000000e-02
1.869521000000e+01 -2.773800000000e-03
7.850894000000e+00  1.542200000000e-03
S 11  1
4.329184000000e+05 -1.170000000000e-04
6.581405000000e+04 -8.825000000000e-04
1.536204000000e+04 -4.425900000000e-03
4.506950000000e+03 -1.709230000000e-02
1.533262000000e+03 -5.424870000000e-02
5.810960000000e+02 -1.318217000000e-01
2.402168000000e+02 -2.270311000000e-01
1.061112000000e+02 -1.210690000000e-01
4.082235000000e+01  4.500893000000e-01
1.869521000000e+01  6.067418000000e-01
7.850894000000e+00  1.309709000000e-01
S 11  1
4.329184000000e+05  4.740000000000e-05
6.581405000000e+04  3.577000000000e-04
1.536204000000e+04  1.793400000000e-03
4.506950000000e+03  6.959900000000e-03
1.533262000000e+03  2.222370000000e-02
5.810960000000e+02  5.535600000000e-02
2.402168000000e+02  9.919630000000e-02
1.061112000000e+02  5.908320000000e-02
4.082235000000e+01 -2.849879000000e-01
1.869521000000e+01 -5.616608000000e-01
7.850894000000e+00  6.893800000000e-02
S 11  1
4.329184000000e+05  1.600000000000e-05
6.581405000000e+04  1.208000000000e-04
1.536204000000e+04  6.053000000000e-04
4.506950000000e+03  2.354200000000e-03
1.533262000000e+03  7.509500000000e-03
5.810960000000e+02  1.883560000000e-02
2.402168000000e+02  3.379590000000e-02
1.061112000000e+02  2.088110000000e-02
4.082235000000e+01 -1.045566000000e-01
1.869521000000e+01 -2.150989000000e-01
7.850894000000e+00  2.617940000000e-02
S 1  1
3.946150000000e+00  1.000000000000e+00
S 1  1
1.844039000000e+00  1.000000000000e+00
S 1  1
6.921720000000e-01  1.000000000000e+00
S 1  1
2.767670000000e-01  1.000000000000e+00
S 1  1
3.889000000000e-02  1.000000000000e+00
S 1  1
1.963200000000e-02  1.000000000000e+00
S 1  1
9.910000000000e-03  1.000000000000e+00
P 9  1
3.772360000000e+03  2.249000000000e-03
8.968498000000e+02  1.841780000000e-02
2.911774000000e+02  8.705500000000e-02
1.111665000000e+02  2.573574000000e-01
4.659779000000e+01  4.345148000000e-01
2.061947000000e+01  3.247940000000e-01
8.545803000000e+00  6.296000000000e-02
3.727807000000e+00 -3.010600000000e-03
1.626088000000e+00  2.270400000000e-03
P 9  1
3.772360000000e+03 -9.326000000000e-04
8.968498000000e+02 -7.648600000000e-03
2.911774000000e+02 -3.758360000000e-02
1.111665000000e+02 -1.157393000000e-01
4.659779000000e+01 -2.156986000000e-01
2.061947000000e+01 -1.012843000000e-01
8.545803000000e+00  3.833983000000e-01
3.727807000000e+00  5.723888000000e-01
1.626088000000e+00  1.849965000000e-01
P 9  1
3.772360000000e+03 -2.799000000000e-04
8.968498000000e+02 -2.283700000000e-03
2.911774000000e+02 -1.135210000000e-02
1.111665000000e+02 -3.489420000000e-02
4.659779000000e+01 -6.690170000000e-02
2.061947000000e+01 -2.586680000000e-02
8.545803000000e+00  1.441241000000e-01
3.727807000000e+00  2.591167000000e-01
1.626088000000e+00 -2.242420000000e-02
P 1  1
6.081540000000e-01  1.000000000000e+00
P 1  1
2.112570000000e-01  1.000000000000e+00
P 1  1
7.338500000000e-02  1.000000000000e+00
P 1  1
2.549200000000e-02  1.000000000000e+00
P 1  1
8.855000000000e-03  1.000000000000e+00
P 1  1
3.080000000000e-03  1.000000000000e+00
D 4  1
1.323326000000e+02  1.956850000000e-02
3.880142000000e+01  1.189378000000e-01
1.410538000000e+01  3.295870000000e-01
5.536616000000e+00  4.546232000000e-01
D 2  1
2.239668000000e+00  2.973777000000e-01
8.594320000000e-01  5.918200000000e-02
D 2  1
6.081500000000e-01  8.031000000000e-02
2.112600000000e-01  1.031300000000e-01
D 2  1
2.549000000000e-02  4.448800000000e-01
8.860000000000e-03  3.769800000000e-01
@END

@ATOMBASIS SR
S 11  1
4.475038000000e+05  3.798000000000e-04
6.803385000000e+04  2.866100000000e-03
1.590765000000e+04  1.414740000000e-02
4.680181000000e+03  5.338980000000e-02
1.596108000000e+03  1.567703000000e-01
6.050268000000e+02  3.300455000000e-01
2.496655000000e+02  3.942621000000e-01
1.102371000000e+02  1.828827000000e-01
4.234581000000e+01  1.568870000000e-02
1.932749000000e+01 -2.616700000000e-03
7.943752000000e+00  1.483200000000e-03
S 11  1
4.475038000000e+05 -1.203000000000e-04
6.803385000000e+04 -9.069000000000e-04
1.590765000000e+04 -4.533400000000e-03
4.680181000000e+03 -1.741690000000e-02
1.596108000000e+03 -5.516680000000e-02
6.050268000000e+02 -1.339385000000e-01
2.496655000000e+02 -2.298919000000e-01
1.102371000000e+02 -1.140530000000e-01
4.234581000000e+01  4.696420000000e-01
1.932749000000e+01  5.982430000000e-01
7.943752000000e+00  1.203188000000e-01
S 11  1
4.475038000000e+05 -4.910000000000e-05
6.803385000000e+04 -3.708000000000e-04
1.590765000000e+04 -1.853600000000e-03
4.680181000000e+03 -7.155700000000e-03
1.596108000000e+03 -2.281190000000e-02
6.050268000000e+02 -5.678060000000e-02
2.496655000000e+02 -1.015780000000e-01
1.102371000000e+02 -5.636820000000e-02
4.234581000000e+01  3.036405000000e-01
1.932749000000e+01  5.673199000000e-01
7.943752000000e+00 -1.357764000000e-01
S 11  1
4.475038000000e+05  1.740000000000e-05
6.803385000000e+04  1.318000000000e-04
1.590765000000e+04  6.578000000000e-04
4.680181000000e+03  2.546700000000e-03
1.596108000000e+03  8.103700000000e-03
6.050268000000e+02  2.034300000000e-02
2.496655000000e+02  3.636980000000e-02
1.102371000000e+02  2.115380000000e-02
4.234581000000e+01 -1.180747000000e-01
1.932749000000e+01  2.289793000000e-01
7.943752000000e+00  5.482200000000e-02
S 1  1
3.997927000000e+00  1.000000000000e+00
S 1  1
1.933314000000e+00  1.000000000000e+00
S 1  1
7.163350000000e-01  1.000000000000e+00
S 1  1
3.058170000000e-01  1.000000000000e+00
S 1  1
5.487500000000e-02  1.000000000000e+00
S 1  1
2.294400000000e-02  1.000000000000e+00
S 1  1
9.593000000000e-03  1.000000000000e+00
P 9  1
3.942235000000e+03  2.300600000000e-03
9.353613000000e+02  1.887990000000e-02
3.036026000000e+02  8.905800000000e-02
1.158908000000e+02  2.622162000000e-01
4.856029000000e+01  4.375272000000e-01
2.149991000000e+01  3.176983000000e-01
8.946984000000e+00  5.894890000000e-02
3.869650000000e+00 -2.514500000000e-03
1.617732000000e+00  1.981000000000e-03
P 9  1
3.942235000000e+03  9.647000000000e-04
9.353613000000e+02  7.938100000000e-03
3.036026000000e+02  3.891590000000e-02
1.158908000000e+02  1.196339000000e-01
4.856029000000e+01  2.200890000000e-01
2.149991000000e+01  9.481260000000e-02
8.946984000000e+00 -4.042590000000e-01
3.869650000000e+00 -5.806063000000e-01
1.617732000000e+00 -1.588206000000e-01
P 9  1
3.942235000000e+03 -3.111000000000e-04
9.353613000000e+02 -2.547700000000e-03
3.036026000000e+02 -1.263310000000e-02
1.158908000000e+02 -3.880580000000e-02
4.856029000000e+01 -7.343700000000e-02
2.149991000000e+01 -2.521190000000e-02
8.946984000000e+00  1.658146000000e-01
3.869650000000e+00  2.875260000000e-01
1.617732000000e+00 -8.079170000000e-02
P 1  1
6.419830000000e-01  1.000000000000e+00
P 1  1
2.384950000000e-01  1.000000000000e+00
P 1  1
8.876700000000e-02  1.000000000000e+00
P 1  1
3.303900000000e-02  1.000000000000e+00
P 1  1
1.229700000000e-02  1.000000000000e+00
P 1  1
4.577000000000e-03  1.000000000000e+00
D 4  1
1.377742000000e+02  2.082950000000e-02
4.044428000000e+01  1.258918000000e-01
1.468809000000e+01  3.443574000000e-01
5.752129000000e+00  4.614710000000e-01
D 2  1
2.324955000000e+00  2.762676000000e-01
8.891110000000e-01  4.438420000000e-02
D 2  1
6.419800000000e-01  8.349200000000e-01
2.385000000000e-01  8.083100000000e-01
D 2  1
3.304000000000e-02  3.940000000000e-01
1.230000000000e-02  1.110900000000e-01
@END

@ATOMBASIS I
S 13  1
1.024924800000e+06 -3.112000000000e-04
1.548431300000e+05 -2.382200000000e-03
3.564633600000e+04 -1.210280000000e-02
1.027263000000e+04 -4.739060000000e-02
3.434476900000e+03 -1.443574000000e-01
1.284431300000e+03 -3.164481000000e-01
5.256418900000e+02 -4.018988000000e-01
2.307412700000e+02 -2.058581000000e-01
8.725521700000e+01 -1.951780000000e-02
3.949446400000e+01  3.510500000000e-03
1.425452000000e+01 -2.150300000000e-03
7.646608900000e+00  1.907700000000e-03
3.050059800000e+00 -1.717400000000e-03
S 13  1
1.024924800000e+06  1.012000000000e-04
1.548431300000e+05  7.736000000000e-04
3.564633600000e+04  3.978400000000e-03
1.027263000000e+04  1.582010000000e-02
3.434476900000e+03  5.179790000000e-02
1.284431300000e+03  1.298812000000e-01
5.256418900000e+02  2.340313000000e-01
2.307412700000e+02  1.378589000000e-01
8.725521700000e+01 -4.704590000000e-01
3.949446400000e+01 -6.244144000000e-01
1.425452000000e+01 -1.186834000000e-01
7.646608900000e+00  3.771190000000e-02
3.050059800000e+00 -2.476350000000e-02
S 13  1
1.024924800000e+06 -4.510000000000e-05
1.548431300000e+05 -3.451000000000e-04
3.564633600000e+04 -1.771500000000e-03
1.027263000000e+04 -7.096100000000e-03
3.434476900000e+03 -2.330840000000e-02
1.284431300000e+03 -6.026250000000e-02
5.256418900000e+02 -1.124651000000e-01
2.307412700000e+02 -7.617240000000e-02
8.725521700000e+01  3.515680000000e-01
3.949446400000e+01  6.449758000000e-01
1.425452000000e+01 -4.140994000000e-01
7.646608900000e+00 -8.084290000000e-01
3.050059800000e+00 -1.559773000000e-01
S 13  1
1.024924800000e+06 -2.030000000000e-05
1.548431300000e+05 -1.556000000000e-04
3.564633600000e+04 -7.992000000000e-04
1.027263000000e+04 -3.201700000000e-03
3.434476900000e+03 -1.054490000000e-02
1.284431300000e+03 -2.735820000000e-02
5.256418900000e+02 -5.169880000000e-02
2.307412700000e+02 -3.557510000000e-02
8.725521700000e+01  1.753485000000e-01
3.949446400000e+01  3.578347000000e-01
1.425452000000e+01 -3.285772000000e-01
7.646608900000e+00 -9.202006000000e-01
3.050059800000e+00  2.478261000000e-01
S 13  1
1.024924800000e+06  6.900000000000e-06
1.548431300000e+05  5.290000000000e-05
3.564633600000e+04  2.719000000000e-04
1.027263000000e+04  1.088300000000e-03
3.434476900000e+03  3.590000000000e-03
1.284431300000e+03  9.306500000000e-03
5.256418900000e+02  1.767380000000e-02
2.307412700000e+02  1.210960000000e-02
8.725521700000e+01 -6.059020000000e-02
3.949446400000e+01 -1.275278000000e-01
1.425452000000e+01  1.280144000000e-01
7.646608900000e+00  3.725377000000e-01
3.050059800000e+00 -1.394091000000e-01
S 1  1
1.732618100000e+00  1.000000000000e+00
S 1  1
8.768236000000e-01  1.000000000000e+00
S 1  1
6.349930000000e-01  1.000000000000e+00
S 1  1
2.564976000000e-01  1.000000000000e+00
S 1  1
1.061169000000e-01  1.000000000000e+00
S 1  1
4.390220000000e-02  1.000000000000e+00
P 10  1
7.299041000000e+03  2.631600000000e-03
1.767867100000e+03  2.049250000000e-02
5.900943300000e+02  9.320570000000e-02
2.314938700000e+02  2.616339000000e-01
1.017317600000e+02  4.158847000000e-01
4.756911900000e+01  3.128182000000e-01
2.227540400000e+01  7.148570000000e-02
1.084089700000e+01  1.096000000000e-03
5.237949800000e+00  6.345000000000e-04
2.546633400000e+00 -3.811000000000e-04
P 10  1
7.299041000000e+03  1.229300000000e-03
1.767867100000e+03  9.673800000000e-03
5.900943300000e+02  4.558810000000e-02
2.314938700000e+02  1.356119000000e-01
1.017317600000e+02  2.345662000000e-01
4.756911900000e+01  1.201292000000e-01
2.227540400000e+01 -3.495375000000e-01
1.084089700000e+01 -5.837640000000e-01
5.237949800000e+00 -2.062012000000e-01
2.546633400000e+00 -8.572306000000e-01
P 10  1
7.299041000000e+03  5.366000000000e-04
1.767867100000e+03  4.228500000000e-03
5.900943300000e+02  2.008670000000e-02
2.314938700000e+02  6.039740000000e-02
1.017317600000e+02  1.067446000000e-01
4.756911900000e+01  4.674670000000e-02
2.227540400000e+01 -2.201150000000e-01
1.084089700000e+01 -4.207903000000e-01
5.237949800000e+00  6.285800000000e-02
2.546633400000e+00  6.434501000000e-01
P 10  1
7.299041000000e+03  1.599000000000e-04
1.767867100000e+03  1.261200000000e-03
5.900943300000e+02  5.994600000000e-03
2.314938700000e+02  1.807690000000e-02
1.017317600000e+02  3.200640000000e-02
4.756911900000e+01  1.372830000000e-02
2.227540400000e+01 -7.006300000000e-02
1.084089700000e+01 -1.360543000000e-01
5.237949800000e+00  3.812520000000e-02
2.546633400000e+00  2.700960000000e-01
P 1  1
1.210684800000e+00  1.000000000000e+00
P 1  1
5.744092000000e-01  1.000000000000e+00
P 1  1
2.465331000000e-01  1.000000000000e+00
P 1  1
9.135320000000e-02  1.000000000000e+00
P 1  1
3.385110000000e-02  1.000000000000e+00
D 4  1
3.703763900000e+02  1.607890000000e-02
1.097104700000e+02  1.091329000000e-01
4.119921600000e+01  3.277467000000e-01
1.728460700000e+01  4.658406000000e-01
D 4  1
3.703763900000e+02  6.664800000000e-03
1.097104700000e+02  4.617800000000e-02
4.119921600000e+01  1.405037000000e-01
1.728460700000e+01  1.865116000000e-01
D 4  1
7.815441500000e+00  2.640157000000e-01
3.742815300000e+00  4.389700000000e-02
1.659587800000e+00  3.083000000000e-03
6.526591000000e-01 -4.230000000000e-04
D 4  1
7.815441500000e+00  1.089200000000e-02
3.742815300000e+00  3.827473000000e-01
1.659587800000e+00  5.259328000000e-01
6.526591000000e-01  2.222319000000e-01
D 2  1
5.744090000000e-01  2.480650000000e-01
2.465330000000e-01  1.072953000000e+00
D 2  1
9.135300000000e-02  1.366340000000e-01
3.385100000000e-02  5.436000000000e-02
F 2  1
7.815441500000e+00  3.896000000000e-03
3.742815300000e+00  1.978390000000e-01
F 2  1
1.659587800000e+00  4.082540000000e-01
6.526591000000e-01  2.750830000000e-01
@END
