@BASIS_SET STO-6G

@ATOMBASIS H
S 6 1
3.552322120000e+01  9.163596300000e-03
6.513143700000e+00  4.936149300000e-02
1.822142900000e+00  1.685383000000e-01
6.259553000000e-01  3.705628000000e-01
2.430767000000e-01  4.164915300000e-01
1.001124000000e-01  1.303340800000e-01
@END

@ATOMBASIS HE
S 6 1
6.598456820000e+01  9.163596300000e-03
1.209819840000e+01  4.936149300000e-02
3.384639900000e+00  1.685383000000e-01
1.162715200000e+00  3.705628000000e-01
4.515163000000e-01  4.164915300000e-01
1.859594000000e-01  1.303340800000e-01
@END

@ATOMBASIS LI
S 6 1
1.671758462000e+02  9.163596300000e-03
3.065150840000e+01  4.936149300000e-02
8.575187500000e+00  1.685383000000e-01
2.945808300000e+00  3.705628000000e-01
1.143943600000e+00  4.164915300000e-01
4.711391000000e-01  1.303340800000e-01
S 6 1
6.597564000000e+00 -1.325278800000e-02
1.305830100000e+00 -4.699171000000e-02
4.058510000000e-01 -3.378537200000e-02
1.561455000000e-01  2.502417900000e-01
6.781410000000e-02  5.951172500000e-01
3.108420000000e-02  2.407061800000e-01
P 6 1
6.597564000000e+00  3.759696600000e-03
1.305830100000e+00  3.767937000000e-02
4.058510000000e-01  1.738967400000e-01
1.561455000000e-01  4.180364300000e-01
6.781410000000e-02  4.258595500000e-01
3.108420000000e-02  1.017083000000e-01
@END

@ATOMBASIS BE
S 6 1
3.128704937000e+02  9.163596300000e-03
5.736446250000e+01  4.936149300000e-02
1.604850940000e+01  1.685383000000e-01
5.513096100000e+00  3.705628000000e-01
2.140896600000e+00  4.164915300000e-01
8.817394000000e-01  1.303340800000e-01
S 6 1
1.363324740000e+01 -1.325278800000e-02
2.698375500000e+00 -4.699171000000e-02
8.386531000000e-01 -3.378537200000e-02
3.226601000000e-01  2.502417900000e-01
1.401315000000e-01  5.951172500000e-01
6.423250000000e-02  2.407061800000e-01
P 6 1
1.363324740000e+01  3.759696600000e-03
2.698375500000e+00  3.767937000000e-02
8.386531000000e-01  1.738967400000e-01
3.226601000000e-01  4.180364300000e-01
1.401315000000e-01  4.258595500000e-01
6.423250000000e-02  1.017083000000e-01
@END

@ATOMBASIS B
S 6 1
5.060111472000e+02  9.163596300000e-03
9.277681420000e+01  4.936149300000e-02
2.595565810000e+01  1.685383000000e-01
8.916445100000e+00  3.705628000000e-01
3.462506600000e+00  4.164915300000e-01
1.426054300000e+00  1.303340800000e-01
S 6 1
2.319457500000e+01 -1.325278800000e-02
4.590810000000e+00 -4.699171000000e-02
1.426819500000e+00 -3.378537200000e-02
5.489483000000e-01  2.502417900000e-01
2.384100000000e-01  5.951172500000e-01
1.092802000000e-01  2.407061800000e-01
P 6 1
2.319457500000e+01  3.759696600000e-03
4.590810000000e+00  3.767937000000e-02
1.426819500000e+00  1.738967400000e-01
5.489483000000e-01  4.180364300000e-01
2.384100000000e-01  4.258595500000e-01
1.092802000000e-01  1.017083000000e-01
@END

@ATOMBASIS C
S 6 1
7.427370491000e+02  9.163596300000e-03
1.361800249000e+02  4.936149300000e-02
3.809826350000e+01  1.685383000000e-01
1.308778180000e+01  3.705628000000e-01
5.082368600000e+00  4.164915300000e-01
2.093200100000e+00  1.303340800000e-01
S 6 1
3.049723950000e+01 -1.325278800000e-02
6.036199600000e+00 -4.699171000000e-02
1.876046300000e+00 -3.378537200000e-02
7.217826000000e-01  2.502417900000e-01
3.134707000000e-01  5.951172500000e-01
1.436866000000e-01  2.407061800000e-01
P 6 1
3.049723950000e+01  3.759696600000e-03
6.036199600000e+00  3.767937000000e-02
1.876046300000e+00  1.738967400000e-01
7.217826000000e-01  4.180364300000e-01
3.134707000000e-01  4.258595500000e-01
1.436866000000e-01  1.017083000000e-01
@END

@ATOMBASIS N
S 6 1
1.027828458000e+03  9.163596300000e-03
1.884512226000e+02  4.936149300000e-02
5.272186100000e+01  1.685383000000e-01
1.811138220000e+01  3.705628000000e-01
7.033179700000e+00  4.164915300000e-01
2.896651800000e+00  1.303340800000e-01
S 6 1
3.919880790000e+01 -1.325278800000e-02
7.758467100000e+00 -4.699171000000e-02
2.411325800000e+00 -3.378537200000e-02
9.277239000000e-01  2.502417900000e-01
4.029111000000e-01  5.951172500000e-01
1.846837000000e-01  2.407061800000e-01
P 6 1
3.919880790000e+01  3.759696600000e-03
7.758467100000e+00  3.767937000000e-02
2.411325800000e+00  1.738967400000e-01
9.277239000000e-01  4.180364300000e-01
4.029111000000e-01  4.258595500000e-01
1.846837000000e-01  1.017083000000e-01
@END

@ATOMBASIS O
S 6 1
1.355584234000e+03  9.163596300000e-03
2.485448855000e+02  4.936149300000e-02
6.953390230000e+01  1.685383000000e-01
2.388677210000e+01  3.705628000000e-01
9.275932600000e+00  4.164915300000e-01
3.820341300000e+00  1.303340800000e-01
S 6 1
5.218776200000e+01 -1.325278800000e-02
1.032932010000e+01 -4.699171000000e-02
3.210345000000e+00 -3.378537200000e-02
1.235135400000e+00  2.502417900000e-01
5.364202000000e-01  5.951172500000e-01
2.458806000000e-01  2.407061800000e-01
P 6 1
5.218776200000e+01  3.759696600000e-03
1.032932010000e+01  3.767937000000e-02
3.210345000000e+00  1.738967400000e-01
1.235135400000e+00  4.180364300000e-01
5.364202000000e-01  4.258595500000e-01
2.458806000000e-01  1.017083000000e-01
@END

@ATOMBASIS F
S 6 1
1.728626574000e+03  9.163596300000e-03
3.169417900000e+02  4.936149300000e-02
8.866889140000e+01  1.685383000000e-01
3.046015730000e+01  3.705628000000e-01
1.182857040000e+01  4.164915300000e-01
4.871658500000e+00  1.303340800000e-01
S 6 1
6.703228090000e+01 -1.325278800000e-02
1.326743780000e+01 -4.699171000000e-02
4.123509800000e+00 -3.378537200000e-02
1.586462800000e+00  2.502417900000e-01
6.890019000000e-01  5.951172500000e-01
3.158200000000e-01  2.407061800000e-01
P 6 1
6.703228090000e+01  3.759696600000e-03
1.326743780000e+01  3.767937000000e-02
4.123509800000e+00  1.738967400000e-01
1.586462800000e+00  4.180364300000e-01
6.890019000000e-01  4.258595500000e-01
3.158200000000e-01  1.017083000000e-01
@END

@ATOMBASIS NE
S 6 1
2.146955475000e+03  9.163596300000e-03
3.936419362000e+02  4.936149300000e-02
1.101268283000e+02  1.685383000000e-01
3.783153780000e+01  3.705628000000e-01
1.469109320000e+01  4.164915300000e-01
6.050603500000e+00  1.303340800000e-01
S 6 1
8.550442920000e+01 -1.325278800000e-02
1.692355800000e+01 -4.699171000000e-02
5.259829200000e+00 -3.378537200000e-02
2.023645900000e+00  2.502417900000e-01
8.788708000000e-01  5.951172500000e-01
4.028508000000e-01  2.407061800000e-01
P 6 1
8.550442920000e+01  3.759696600000e-03
1.692355800000e+01  3.767937000000e-02
5.259829200000e+00  1.738967400000e-01
2.023645900000e+00  4.180364300000e-01
8.788708000000e-01  4.258595500000e-01
4.028508000000e-01  1.017083000000e-01
@END

@ATOMBASIS NA
S 6 1
2.600756771000e+03  9.163596300000e-03
4.768459071000e+02  4.936149300000e-02
1.334043010000e+02  1.685383000000e-01
4.582797790000e+01  3.705628000000e-01
1.779634490000e+01  4.164915300000e-01
7.329517600000e+00  1.303340800000e-01
S 6 1
1.248424044000e+02 -1.325278800000e-02
2.470956990000e+01 -4.699171000000e-02
7.679715900000e+00 -3.378537200000e-02
2.954663500000e+00  2.502417900000e-01
1.283212400000e+00  5.951172500000e-01
5.881901000000e-01  2.407061800000e-01
P 6 1
1.248424044000e+02  3.759696600000e-03
2.470956990000e+01  3.767937000000e-02
7.679715900000e+00  1.738967400000e-01
2.954663500000e+00  4.180364300000e-01
1.283212400000e+00  4.258595500000e-01
5.881901000000e-01  1.017083000000e-01
S 6 1
9.433006000000e+00 -7.943126400000e-03
2.526243800000e+00 -7.100264200000e-02
9.473683000000e-01 -1.785026900000e-01
4.240594000000e-01  1.510635100000e-01
2.098454000000e-01  7.354914800000e-01
1.081471000000e-01  2.760593100000e-01
P 6 1
9.433006000000e+00 -7.139358900000e-03
2.526243800000e+00 -1.829277100000e-02
9.473683000000e-01  7.621621400000e-02
4.240594000000e-01  4.145098600000e-01
2.098454000000e-01  4.889621500000e-01
1.081471000000e-01  1.058816500000e-01
@END

@ATOMBASIS MG
S 6 1
2.600756771000e+03  9.163596300000e-03
4.768459071000e+02  4.936149300000e-02
1.334043010000e+02  1.685383000000e-01
4.582797790000e+01  3.705628000000e-01
1.779634490000e+01  4.164915300000e-01
7.329517600000e+00  1.303340800000e-01
S 6 1
1.248424044000e+02 -1.325278800000e-02
2.470956990000e+01 -4.699171000000e-02
7.679715900000e+00 -3.378537200000e-02
2.954663500000e+00  2.502417900000e-01
1.283212400000e+00  5.951172500000e-01
5.881901000000e-01  2.407061800000e-01
P 6 1
1.248424044000e+02  3.759696600000e-03
2.470956990000e+01  3.767937000000e-02
7.679715900000e+00  1.738967400000e-01
2.954663500000e+00  4.180364300000e-01
1.283212400000e+00  4.258595500000e-01
5.881901000000e-01  1.017083000000e-01
S 6 1
9.433006000000e+00 -7.943126400000e-03
2.526243800000e+00 -7.100264200000e-02
9.473683000000e-01 -1.785026900000e-01
4.240594000000e-01  1.510635100000e-01
2.098454000000e-01  7.354914800000e-01
1.081471000000e-01  2.760593100000e-01
P 6 1
9.433006000000e+00 -7.139358900000e-03
2.526243800000e+00 -1.829277100000e-02
9.473683000000e-01  7.621621400000e-02
4.240594000000e-01  4.145098600000e-01
2.098454000000e-01  4.889621500000e-01
1.081471000000e-01  1.058816500000e-01
@END

@ATOMBASIS AL
S 6 1
3.644586388000e+03  9.163596300000e-03
6.682309248000e+02  4.936149300000e-02
1.869469321000e+02  1.685383000000e-01
6.422131670000e+01  3.705628000000e-01
2.493901660000e+01  4.164915300000e-01
1.027126430000e+01  1.303340800000e-01
S 6 1
1.959641441000e+02 -1.325278800000e-02
3.878641830000e+01 -4.699171000000e-02
1.205478990000e+01 -3.378537200000e-02
4.637912200000e+00  2.502417900000e-01
2.014248400000e+00  5.951172500000e-01
9.232774000000e-01  2.407061800000e-01
P 6 1
1.959641441000e+02  3.759696600000e-03
3.878641830000e+01  3.767937000000e-02
1.205478990000e+01  1.738967400000e-01
4.637912200000e+00  4.180364300000e-01
2.014248400000e+00  4.258595500000e-01
9.232774000000e-01  1.017083000000e-01
S 6 1
8.901677500000e+00 -7.943126400000e-03
2.383949200000e+00 -7.100264200000e-02
8.940063000000e-01 -1.785026900000e-01
4.001736000000e-01  1.510635100000e-01
1.980255000000e-01  7.354914800000e-01
1.020555000000e-01  2.760593100000e-01
P 6 1
8.901677500000e+00 -7.139358900000e-03
2.383949200000e+00 -1.829277100000e-02
8.940063000000e-01  7.621621400000e-02
4.001736000000e-01  4.145098600000e-01
1.980255000000e-01  4.889621500000e-01
1.020555000000e-01  1.058816500000e-01
@END

@ATOMBASIS SI
S 6 1
4.229261737000e+03  9.163596300000e-03
7.754305100000e+02  4.936149300000e-02
2.169375129000e+02  1.685383000000e-01
7.452389070000e+01  3.705628000000e-01
2.893980760000e+01  4.164915300000e-01
1.191901090000e+01  1.303340800000e-01
S 6 1
2.404904849000e+02 -1.325278800000e-02
4.759934320000e+01 -4.699171000000e-02
1.479384040000e+01 -3.378537200000e-02
5.691723600000e+00  2.502417900000e-01
2.471919500000e+00  5.951172500000e-01
1.133061500000e+00  2.407061800000e-01
P 6 1
2.404904849000e+02  3.759696600000e-03
4.759934320000e+01  3.767937000000e-02
1.479384040000e+01  1.738967400000e-01
5.691723600000e+00  4.180364300000e-01
2.471919500000e+00  4.258595500000e-01
1.133061500000e+00  1.017083000000e-01
S 6 1
9.433006000000e+00 -7.943126400000e-03
2.526243800000e+00 -7.100264200000e-02
9.473683000000e-01 -1.785026900000e-01
4.240594000000e-01  1.510635100000e-01
2.098454000000e-01  7.354914800000e-01
1.081471000000e-01  2.760593100000e-01
P 6 1
9.433006000000e+00 -7.139358900000e-03
2.526243800000e+00 -1.829277100000e-02
9.473683000000e-01  7.621621400000e-02
4.240594000000e-01  4.145098600000e-01
2.098454000000e-01  4.889621500000e-01
1.081471000000e-01  1.058816500000e-01
@END

@ATOMBASIS P
S 6 1
4.857412371000e+03  9.163596300000e-03
8.906012410000e+02  4.936149300000e-02
2.491581331000e+02  1.685383000000e-01
8.559254330000e+01  3.705628000000e-01
3.323808930000e+01  4.164915300000e-01
1.368928070000e+01  1.303340800000e-01
S 6 1
2.906649590000e+02 -1.325278800000e-02
5.753018100000e+01 -4.699171000000e-02
1.788033740000e+01 -3.378537200000e-02
6.879210300000e+00  2.502417900000e-01
2.987645700000e+00  5.951172500000e-01
1.369456600000e+00  2.407061800000e-01
P 6 1
2.906649590000e+02  3.759696600000e-03
5.753018100000e+01  3.767937000000e-02
1.788033740000e+01  1.738967400000e-01
6.879210300000e+00  4.180364300000e-01
2.987645700000e+00  4.258595500000e-01
1.369456600000e+00  1.017083000000e-01
S 6 1
1.111939650000e+01 -7.943126400000e-03
2.977874300000e+00 -7.100264200000e-02
1.116734500000e+00 -1.785026900000e-01
4.998709000000e-01  1.510635100000e-01
2.473606000000e-01  7.354914800000e-01
1.274811000000e-01  2.760593100000e-01
P 6 1
1.111939650000e+01 -7.139358900000e-03
2.977874300000e+00 -1.829277100000e-02
1.116734500000e+00  7.621621400000e-02
4.998709000000e-01  4.145098600000e-01
2.473606000000e-01  4.889621500000e-01
1.274811000000e-01  1.058816500000e-01
@END

@ATOMBASIS S
S 6 1
5.529038289000e+03  9.163596300000e-03
1.013743118000e+03  4.936149300000e-02
2.836087927000e+02  1.685383000000e-01
9.742727470000e+01  3.705628000000e-01
3.783386180000e+01  4.164915300000e-01
1.558207360000e+01  1.303340800000e-01
S 6 1
3.455896791000e+02 -1.325278800000e-02
6.840121660000e+01 -4.699171000000e-02
2.125904710000e+01 -3.378537200000e-02
8.179121700000e+00  2.502417900000e-01
3.552198100000e+00  5.951172500000e-01
1.628232300000e+00  2.407061800000e-01
P 6 1
3.455896791000e+02  3.759696600000e-03
6.840121660000e+01  3.767937000000e-02
2.125904710000e+01  1.738967400000e-01
8.179121700000e+00  4.180364300000e-01
3.552198100000e+00  4.258595500000e-01
1.628232300000e+00  1.017083000000e-01
S 6 1
1.294439440000e+01 -7.943126400000e-03
3.466625100000e+00 -7.100264200000e-02
1.300021200000e+00 -1.785026900000e-01
5.819134000000e-01  1.510635100000e-01
2.879593000000e-01  7.354914800000e-01
1.484043000000e-01  2.760593100000e-01
P 6 1
1.294439440000e+01 -7.139358900000e-03
3.466625100000e+00 -1.829277100000e-02
1.300021200000e+00  7.621621400000e-02
5.819134000000e-01  4.145098600000e-01
2.879593000000e-01  4.889621500000e-01
1.484043000000e-01  1.058816500000e-01
@END

@ATOMBASIS CL
S 6 1
6.236545525000e+03  9.163596300000e-03
1.143463795000e+03  4.936149300000e-02
3.198999635000e+02  1.685383000000e-01
1.098942714000e+02  3.705628000000e-01
4.267516140000e+01  4.164915300000e-01
1.757598810000e+01  1.303340800000e-01
S 6 1
4.039729660000e+02 -1.325278800000e-02
7.995679270000e+01 -4.699171000000e-02
2.485051160000e+01 -3.378537200000e-02
9.560887500000e+00  2.502417900000e-01
4.152300000000e+00  5.951172500000e-01
1.903302900000e+00  2.407061800000e-01
P 6 1
4.039729660000e+02  3.759696600000e-03
7.995679270000e+01  3.767937000000e-02
2.485051160000e+01  1.738967400000e-01
9.560887500000e+00  4.180364300000e-01
4.152300000000e+00  4.258595500000e-01
1.903302900000e+00  1.017083000000e-01
S 6 1
1.358352870000e+01 -7.943126400000e-03
3.637791000000e+00 -7.100264200000e-02
1.364210300000e+00 -1.785026900000e-01
6.106456000000e-01  1.510635100000e-01
3.021774000000e-01  7.354914800000e-01
1.557318000000e-01  2.760593100000e-01
P 6 1
1.358352870000e+01 -7.139358900000e-03
3.637791000000e+00 -1.829277100000e-02
1.364210300000e+00  7.621621400000e-02
6.106456000000e-01  4.145098600000e-01
3.021774000000e-01  4.889621500000e-01
1.557318000000e-01  1.058816500000e-01
@END

@ATOMBASIS AR
S 6 1
6.994673814000e+03  9.163596300000e-03
1.282465787000e+03  4.936149300000e-02
3.587877117000e+02  1.685383000000e-01
1.232532624000e+02  3.705628000000e-01
4.786284860000e+01  4.164915300000e-01
1.971256420000e+01  1.303340800000e-01
S 6 1
4.682992148000e+02 -1.325278800000e-02
9.268863610000e+01 -4.699171000000e-02
2.880755900000e+01 -3.378537200000e-02
1.108330630000e+01  2.502417900000e-01
4.813487500000e+00  5.951172500000e-01
2.206373500000e+00  2.407061800000e-01
P 6 1
4.682992148000e+02  3.759696600000e-03
9.268863610000e+01  3.767937000000e-02
2.880755900000e+01  1.738967400000e-01
1.108330630000e+01  4.180364300000e-01
4.813487500000e+00  4.258595500000e-01
2.206373500000e+00  1.017083000000e-01
S 6 1
1.672190910000e+01 -7.943126400000e-03
4.478277500000e+00 -7.100264200000e-02
1.679401600000e+00 -1.785026900000e-01
7.517310000000e-01  1.510635100000e-01
3.719934000000e-01  7.354914800000e-01
1.917126000000e-01  2.760593100000e-01
P 6 1
1.672190910000e+01 -7.139358900000e-03
4.478277500000e+00 -1.829277100000e-02
1.679401600000e+00  7.621621400000e-02
7.517310000000e-01  4.145098600000e-01
3.719934000000e-01  4.889621500000e-01
1.917126000000e-01  1.058816500000e-01
@END

@ATOMBASIS K
S 6 1
8.001321412000e+03  9.163596300000e-03
1.467033522000e+03  4.936149300000e-02
4.104231128000e+02  1.685383000000e-01
1.409914163000e+02  3.705628000000e-01
5.475109280000e+01  4.164915300000e-01
2.254952360000e+01  1.303340800000e-01
S 6 1
5.433465051000e+02 -1.325278800000e-02
1.075424534000e+02 -4.699171000000e-02
3.342411440000e+01 -3.378537200000e-02
1.285946160000e+01  2.502417900000e-01
5.584872900000e+00  5.951172500000e-01
2.559955900000e+00  2.407061800000e-01
P 6 1
5.433465051000e+02  3.759696600000e-03
1.075424534000e+02  3.767937000000e-02
3.342411440000e+01  1.738967400000e-01
1.285946160000e+01  4.180364300000e-01
5.584872900000e+00  4.258595500000e-01
2.559955900000e+00  1.017083000000e-01
S 6 1
2.329374960000e+01 -7.943126400000e-03
6.238275400000e+00 -7.100264200000e-02
2.339419600000e+00 -1.785026900000e-01
1.047167200000e+00  1.510635100000e-01
5.181897000000e-01  7.354914800000e-01
2.670571000000e-01  2.760593100000e-01
P 6 1
2.329374960000e+01 -7.139358900000e-03
6.238275400000e+00 -1.829277100000e-02
2.339419600000e+00  7.621621400000e-02
1.047167200000e+00  4.145098600000e-01
5.181897000000e-01  4.889621500000e-01
2.670571000000e-01  1.058816500000e-01
S 6 1
2.791996000000e+00  3.775056000000e-03
8.983681000000e-01 -5.585965000000e-02
3.838418000000e-01 -3.192946000000e-01
1.914082000000e-01 -2.764780000000e-02
1.033137000000e-01  9.049199000000e-01
5.744850000000e-02  3.406258000000e-01
P 6 1
2.791996000000e+00 -7.052075000000e-03
8.983681000000e-01 -5.259505000000e-02
3.838418000000e-01 -3.773450000000e-02
1.914082000000e-01  3.874773000000e-01
1.033137000000e-01  5.791672000000e-01
5.744850000000e-02  1.221817000000e-01
@END

@ATOMBASIS CA
S 6 1
8.857157042000e+03  9.163596300000e-03
1.623950048000e+03  4.936149300000e-02
4.543227021000e+02  1.685383000000e-01
1.560721100000e+02  3.705628000000e-01
6.060736750000e+01  4.164915300000e-01
2.496146090000e+01  1.303340800000e-01
S 6 1
6.175690999000e+02 -1.325278800000e-02
1.222330419000e+02 -4.699171000000e-02
3.798993830000e+01 -3.378537200000e-02
1.461609860000e+01  2.502417900000e-01
6.347781600000e+00  5.951172500000e-01
2.909652700000e+00  2.407061800000e-01
P 6 1
6.175690999000e+02  3.759696600000e-03
1.222330419000e+02  3.767937000000e-02
3.798993830000e+01  1.738967400000e-01
1.461609860000e+01  4.180364300000e-01
6.347781600000e+00  4.258595500000e-01
2.909652700000e+00  1.017083000000e-01
S 6 1
2.790660510000e+01 -7.943126400000e-03
7.473639500000e+00 -7.100264200000e-02
2.802694200000e+00 -1.785026900000e-01
1.254537500000e+00  1.510635100000e-01
6.208067000000e-01  7.354914800000e-01
3.199424000000e-01  2.760593100000e-01
P 6 1
2.790660510000e+01 -7.139358900000e-03
7.473639500000e+00 -1.829277100000e-02
2.802694200000e+00  7.621621400000e-02
1.254537500000e+00  4.145098600000e-01
6.208067000000e-01  4.889621500000e-01
3.199424000000e-01  1.058816500000e-01
S 6 1
2.525344000000e+00  3.775056000000e-03
8.125687000000e-01 -5.585965000000e-02
3.471827000000e-01 -3.192946000000e-01
1.731276000000e-01 -2.764780000000e-02
9.344670000000e-02  9.049199000000e-01
5.196180000000e-02  3.406258000000e-01
P 6 1
2.525344000000e+00 -7.052075000000e-03
8.125687000000e-01 -5.259505000000e-02
3.471827000000e-01 -3.773450000000e-02
1.731276000000e-01  3.874773000000e-01
9.344670000000e-02  5.791672000000e-01
5.196180000000e-02  1.221817000000e-01
@END

@ATOMBASIS SC
S 6 1
9.765965612000e+03  9.163596300000e-03
1.790579105000e+03  4.936149300000e-02
5.009395073000e+02  1.685383000000e-01
1.720862408000e+02  3.705628000000e-01
6.682612310000e+01  4.164915300000e-01
2.752268790000e+01  1.303340800000e-01
S 6 1
6.965419408000e+02 -1.325278800000e-02
1.378638281000e+02 -4.699171000000e-02
4.284797500000e+01 -3.378537200000e-02
1.648516040000e+01  2.502417900000e-01
7.159516400000e+00  5.951172500000e-01
3.281730200000e+00  2.407061800000e-01
P 6 1
6.965419408000e+02  3.759696600000e-03
1.378638281000e+02  3.767937000000e-02
4.284797500000e+01  1.738967400000e-01
1.648516040000e+01  4.180364300000e-01
7.159516400000e+00  4.258595500000e-01
3.281730200000e+00  1.017083000000e-01
S 6 1
2.813541920000e+01 -7.943126400000e-03
8.101568300000e+00 -7.100264200000e-02
3.186549600000e+00 -1.785026900000e-01
1.456361500000e+00  1.510635100000e-01
7.247816000000e-01  7.354914800000e-01
3.722203000000e-01  2.760593100000e-01
P 6 1
2.813541920000e+01 -7.139358900000e-03
8.101568300000e+00 -1.829277100000e-02
3.186549600000e+00  7.621621400000e-02
1.456361500000e+00  4.145098600000e-01
7.247816000000e-01  4.889621500000e-01
3.722203000000e-01  1.058816500000e-01
S 6 1
3.495285800000e+00  3.775056000000e-03
1.124662500000e+00 -5.585965000000e-02
4.805297000000e-01 -3.192946000000e-01
2.396229000000e-01 -2.764780000000e-02
1.293379000000e-01  9.049199000000e-01
7.191950000000e-02  3.406258000000e-01
P 6 1
3.495285800000e+00 -7.052075000000e-03
1.124662500000e+00 -5.259505000000e-02
4.805297000000e-01 -3.773450000000e-02
2.396229000000e-01  3.874773000000e-01
1.293379000000e-01  5.791672000000e-01
7.191950000000e-02  1.221817000000e-01
D 6 1
3.303913700000e+00  6.633434400000e-03
9.513589000000e-01  5.958178000000e-02
3.741933000000e-01  2.401949600000e-01
1.710191000000e-01  4.648114700000e-01
8.511040000000e-02  3.434092300000e-01
4.370950000000e-02  5.389057000000e-02
@END

@ATOMBASIS TI
S 6 1
1.071915049000e+04  9.163596300000e-03
1.965344508000e+03  4.936149300000e-02
5.498325692000e+02  1.685383000000e-01
1.888823272000e+02  3.705628000000e-01
7.334853490000e+01  4.164915300000e-01
3.020897720000e+01  1.303340800000e-01
S 6 1
7.802650277000e+02 -1.325278800000e-02
1.544348120000e+02 -4.699171000000e-02
4.799822450000e+01 -3.378537200000e-02
1.846664700000e+01  2.502417900000e-01
8.020077400000e+00  5.951172500000e-01
3.676188300000e+00  2.407061800000e-01
P 6 1
7.802650277000e+02  3.759696600000e-03
1.544348120000e+02  3.767937000000e-02
4.799822450000e+01  1.738967400000e-01
1.846664700000e+01  4.180364300000e-01
8.020077400000e+00  4.258595500000e-01
3.676188300000e+00  1.017083000000e-01
S 6 1
3.231173000000e+01 -7.943126400000e-03
9.304133200000e+00 -7.100264200000e-02
3.659548500000e+00 -1.785026900000e-01
1.672538100000e+00  1.510635100000e-01
8.323653000000e-01  7.354914800000e-01
4.274713000000e-01  2.760593100000e-01
P 6 1
3.231173000000e+01 -7.139358900000e-03
9.304133200000e+00 -1.829277100000e-02
3.659548500000e+00  7.621621400000e-02
1.672538100000e+00  4.145098600000e-01
8.323653000000e-01  4.889621500000e-01
4.274713000000e-01  1.058816500000e-01
S 6 1
3.945849900000e+00  3.775056000000e-03
1.269638600000e+00 -5.585965000000e-02
5.424729000000e-01 -3.192946000000e-01
2.705118000000e-01 -2.764780000000e-02
1.460104000000e-01  9.049199000000e-01
8.119030000000e-02  3.406258000000e-01
P 6 1
3.945849900000e+00 -7.052075000000e-03
1.269638600000e+00 -5.259505000000e-02
5.424729000000e-01 -3.773450000000e-02
2.705118000000e-01  3.874773000000e-01
1.460104000000e-01  5.791672000000e-01
8.119030000000e-02  1.221817000000e-01
D 6 1
9.857131000000e+00  6.633434400000e-03
2.838351900000e+00  5.958178000000e-02
1.116394900000e+00  2.401949600000e-01
5.102304000000e-01  4.648114700000e-01
2.539243000000e-01  3.434092300000e-01
1.304059000000e-01  5.389057000000e-02
@END

@ATOMBASIS V
S 6 1
1.172711958000e+04  9.163596300000e-03
2.150154537000e+03  4.936149300000e-02
6.015357556000e+02  1.685383000000e-01
2.066437671000e+02  3.705628000000e-01
8.024582180000e+01  4.164915300000e-01
3.304966090000e+01  1.303340800000e-01
S 6 1
8.687383606000e+02 -1.325278800000e-02
1.719459935000e+02 -4.699171000000e-02
5.344068660000e+01 -3.378537200000e-02
2.056055840000e+01  2.502417900000e-01
8.929464500000e+00  5.951172500000e-01
4.093026900000e+00  2.407061800000e-01
P 6 1
8.687383606000e+02  3.759696600000e-03
1.719459935000e+02  3.767937000000e-02
5.344068660000e+01  1.738967400000e-01
2.056055840000e+01  4.180364300000e-01
8.929464500000e+00  4.258595500000e-01
4.093026900000e+00  1.017083000000e-01
S 6 1
3.677692840000e+01 -7.943126400000e-03
1.058988300000e+01 -7.100264200000e-02
4.165266100000e+00 -1.785026900000e-01
1.903668200000e+00  1.510635100000e-01
9.473909000000e-01  7.354914800000e-01
4.865440000000e-01  2.760593100000e-01
P 6 1
3.677692840000e+01 -7.139358900000e-03
1.058988300000e+01 -1.829277100000e-02
4.165266100000e+00  7.621621400000e-02
1.903668200000e+00  4.145098600000e-01
9.473909000000e-01  4.889621500000e-01
4.865440000000e-01  1.058816500000e-01
S 6 1
3.945849900000e+00  3.775056000000e-03
1.269638600000e+00 -5.585965000000e-02
5.424729000000e-01 -3.192946000000e-01
2.705118000000e-01 -2.764780000000e-02
1.460104000000e-01  9.049199000000e-01
8.119030000000e-02  3.406258000000e-01
P 6 1
3.945849900000e+00 -7.052075000000e-03
1.269638600000e+00 -5.259505000000e-02
5.424729000000e-01 -3.773450000000e-02
2.705118000000e-01  3.874773000000e-01
1.460104000000e-01  5.791672000000e-01
8.119030000000e-02  1.221817000000e-01
D 6 1
1.775512310000e+01  6.633434400000e-03
5.112571500000e+00  5.958178000000e-02
2.010902400000e+00  2.401949600000e-01
9.190507000000e-01  4.648114700000e-01
4.573803000000e-01  3.434092300000e-01
2.348932000000e-01  5.389057000000e-02
@END

@ATOMBASIS CR
S 6 1
1.278037523000e+04  9.163596300000e-03
2.343267809000e+03  4.936149300000e-02
6.555618898000e+02  1.685383000000e-01
2.252032023000e+02  3.705628000000e-01
8.745299360000e+01  4.164915300000e-01
3.601797220000e+01  1.303340800000e-01
S 6 1
9.619619397000e+02 -1.325278800000e-02
1.903973727000e+02 -4.699171000000e-02
5.917536150000e+01 -3.378537200000e-02
2.276689450000e+01  2.502417900000e-01
9.887677800000e+00  5.951172500000e-01
4.532246200000e+00  2.407061800000e-01
P 6 1
9.619619397000e+02  3.759696600000e-03
1.903973727000e+02  3.767937000000e-02
5.917536150000e+01  1.738967400000e-01
2.276689450000e+01  4.180364300000e-01
9.887677800000e+00  4.258595500000e-01
4.532246200000e+00  1.017083000000e-01
S 6 1
4.131830800000e+01 -7.943126400000e-03
1.189756910000e+01 -7.100264200000e-02
4.679611800000e+00 -1.785026900000e-01
2.138741600000e+00  1.510635100000e-01
1.064379000000e+00  7.354914800000e-01
5.466247000000e-01  2.760593100000e-01
P 6 1
4.131830800000e+01 -7.139358900000e-03
1.189756910000e+01 -1.829277100000e-02
4.679611800000e+00  7.621621400000e-02
2.138741600000e+00  4.145098600000e-01
1.064379000000e+00  4.889621500000e-01
5.466247000000e-01  1.058816500000e-01
S 6 1
4.181372100000e+00  3.775056000000e-03
1.345421500000e+00 -5.585965000000e-02
5.748524000000e-01 -3.192946000000e-01
2.866583000000e-01 -2.764780000000e-02
1.547256000000e-01  9.049199000000e-01
8.603650000000e-02  3.406258000000e-01
P 6 1
4.181372100000e+00 -7.052075000000e-03
1.345421500000e+00 -5.259505000000e-02
5.748524000000e-01 -3.773450000000e-02
2.866583000000e-01  3.874773000000e-01
1.547256000000e-01  5.791672000000e-01
8.603650000000e-02  1.221817000000e-01
D 6 1
2.540054320000e+01  6.633434400000e-03
7.314063200000e+00  5.958178000000e-02
2.876804200000e+00  2.401949600000e-01
1.314797300000e+00  4.648114700000e-01
6.543299000000e-01  3.434092300000e-01
3.360390000000e-01  5.389057000000e-02
@END

@ATOMBASIS MN
S 6 1
1.386759465000e+04  9.163596300000e-03
2.542608299000e+03  4.936149300000e-02
7.113301755000e+02  1.685383000000e-01
2.443611136000e+02  3.705628000000e-01
9.489257120000e+01  4.164915300000e-01
3.908200110000e+01  1.303340800000e-01
S 6 1
1.057846193000e+03 -1.325278800000e-02
2.093753687000e+02 -4.699171000000e-02
6.507370850000e+01 -3.378537200000e-02
2.503620120000e+01  2.502417900000e-01
1.087323920000e+01  5.951172500000e-01
4.984001100000e+00  2.407061800000e-01
P 6 1
1.057846193000e+03  3.759696600000e-03
2.093753687000e+02  3.767937000000e-02
6.507370850000e+01  1.738967400000e-01
2.503620120000e+01  4.180364300000e-01
1.087323920000e+01  4.258595500000e-01
4.984001100000e+00  1.017083000000e-01
S 6 1
4.612400070000e+01 -7.943126400000e-03
1.328136390000e+01 -7.100264200000e-02
5.223892900000e+00 -1.785026900000e-01
2.387496600000e+00  1.510635100000e-01
1.188175900000e+00  7.354914800000e-01
6.102021000000e-01  2.760593100000e-01
P 6 1
4.612400070000e+01 -7.139358900000e-03
1.328136390000e+01 -1.829277100000e-02
5.223892900000e+00  7.621621400000e-02
2.387496600000e+00  4.145098600000e-01
1.188175900000e+00  4.889621500000e-01
6.102021000000e-01  1.058816500000e-01
S 6 1
3.717154500000e+00  3.775056000000e-03
1.196052200000e+00 -5.585965000000e-02
5.110320000000e-01 -3.192946000000e-01
2.548334000000e-01 -2.764780000000e-02
1.375479000000e-01  9.049199000000e-01
7.648470000000e-02  3.406258000000e-01
P 6 1
3.717154500000e+00 -7.052075000000e-03
1.196052200000e+00 -5.259505000000e-02
5.110320000000e-01 -3.773450000000e-02
2.548334000000e-01  3.874773000000e-01
1.375479000000e-01  5.791672000000e-01
7.648470000000e-02  1.221817000000e-01
D 6 1
3.249986200000e+01  6.633434400000e-03
9.358305600000e+00  5.958178000000e-02
3.680855900000e+00  2.401949600000e-01
1.682276200000e+00  4.648114700000e-01
8.372117000000e-01  3.434092300000e-01
4.299602000000e-01  5.389057000000e-02
@END

@ATOMBASIS FE
S 6 1
1.501096599000e+04  9.163596300000e-03
2.752244183000e+03  4.936149300000e-02
7.699787412000e+02  1.685383000000e-01
2.645084788000e+02  3.705628000000e-01
1.027163826000e+02  4.164915300000e-01
4.230427870000e+01  1.303340800000e-01
S 6 1
1.160471300000e+03 -1.325278800000e-02
2.296875558000e+02 -4.699171000000e-02
7.138672110000e+01 -3.378537200000e-02
2.746504470000e+01  2.502417900000e-01
1.192808760000e+01  5.951172500000e-01
5.467515300000e+00  2.407061800000e-01
P 6 1
1.160471300000e+03  3.759696600000e-03
2.296875558000e+02  3.767937000000e-02
7.138672110000e+01  1.738967400000e-01
2.746504470000e+01  4.180364300000e-01
1.192808760000e+01  4.258595500000e-01
5.467515300000e+00  1.017083000000e-01
S 6 1
5.119400640000e+01 -7.943126400000e-03
1.474126740000e+01 -7.100264200000e-02
5.798109600000e+00 -1.785026900000e-01
2.649933100000e+00  1.510635100000e-01
1.318781600000e+00  7.354914800000e-01
6.772762000000e-01  2.760593100000e-01
P 6 1
5.119400640000e+01 -7.139358900000e-03
1.474126740000e+01 -1.829277100000e-02
5.798109600000e+00  7.621621400000e-02
2.649933100000e+00  4.145098600000e-01
1.318781600000e+00  4.889621500000e-01
6.772762000000e-01  1.058816500000e-01
S 6 1
3.280243800000e+00  3.775056000000e-03
1.055469400000e+00 -5.585965000000e-02
4.509658000000e-01 -3.192946000000e-01
2.248805000000e-01 -2.764780000000e-02
1.213806000000e-01  9.049199000000e-01
6.749470000000e-02  3.406258000000e-01
P 6 1
3.280243800000e+00 -7.052075000000e-03
1.055469400000e+00 -5.259505000000e-02
4.509658000000e-01 -3.773450000000e-02
2.248805000000e-01  3.874773000000e-01
1.213806000000e-01  5.791672000000e-01
6.749470000000e-02  1.221817000000e-01
D 6 1
3.839775750000e+01  6.633434400000e-03
1.105659920000e+01  5.958178000000e-02
4.348837300000e+00  2.401949600000e-01
1.987566500000e+00  4.648114700000e-01
9.891443000000e-01  3.434092300000e-01
5.079870000000e-01  5.389057000000e-02
@END

@ATOMBASIS CO
S 6 1
1.615071939000e+04  9.163596300000e-03
2.961216722000e+03  4.936149300000e-02
8.284417269000e+02  1.685383000000e-01
2.845920923000e+02  3.705628000000e-01
1.105154375000e+02  4.164915300000e-01
4.551636020000e+01  1.303340800000e-01
S 6 1
1.263277841000e+03 -1.325278800000e-02
2.500356532000e+02 -4.699171000000e-02
7.771089470000e+01 -3.378537200000e-02
2.989818220000e+01  2.502417900000e-01
1.298480090000e+01  5.951172500000e-01
5.951884300000e+00  2.407061800000e-01
P 6 1
1.263277841000e+03  3.759696600000e-03
2.500356532000e+02  3.767937000000e-02
7.771089470000e+01  1.738967400000e-01
2.989818220000e+01  4.180364300000e-01
1.298480090000e+01  4.258595500000e-01
5.951884300000e+00  1.017083000000e-01
S 6 1
5.677707450000e+01 -7.943126400000e-03
1.634890680000e+01 -7.100264200000e-02
6.430434400000e+00 -1.785026900000e-01
2.938927100000e+00  1.510635100000e-01
1.462604100000e+00  7.354914800000e-01
7.511380000000e-01  2.760593100000e-01
P 6 1
5.677707450000e+01 -7.139358900000e-03
1.634890680000e+01 -1.829277100000e-02
6.430434400000e+00  7.621621400000e-02
2.938927100000e+00  4.145098600000e-01
1.462604100000e+00  4.889621500000e-01
7.511380000000e-01  1.058816500000e-01
S 6 1
3.280243800000e+00  3.775056000000e-03
1.055469400000e+00 -5.585965000000e-02
4.509658000000e-01 -3.192946000000e-01
2.248805000000e-01 -2.764780000000e-02
1.213806000000e-01  9.049199000000e-01
6.749470000000e-02  3.406258000000e-01
P 6 1
3.280243800000e+00 -7.052075000000e-03
1.055469400000e+00 -5.259505000000e-02
4.509658000000e-01 -3.773450000000e-02
2.248805000000e-01  3.874773000000e-01
1.213806000000e-01  5.791672000000e-01
6.749470000000e-02  1.221817000000e-01
D 6 1
4.589982600000e+01  6.633434400000e-03
1.321681300000e+01  5.958178000000e-02
5.198503500000e+00  2.401949600000e-01
2.375892800000e+00  4.648114700000e-01
1.182401100000e+00  3.434092300000e-01
6.072363000000e-01  5.389057000000e-02
@END

@ATOMBASIS NI
S 6 1
1.742087786000e+04  9.163596300000e-03
3.194098886000e+03  4.936149300000e-02
8.935937642000e+02  1.685383000000e-01
3.069735755000e+02  3.705628000000e-01
1.192068223000e+02  4.164915300000e-01
4.909595250000e+01  1.303340800000e-01
S 6 1
1.377587853000e+03 -1.325278800000e-02
2.726605878000e+02 -4.699171000000e-02
8.474270750000e+01 -3.378537200000e-02
3.260357410000e+01  2.502417900000e-01
1.415975440000e+01  5.951172500000e-01
6.490451500000e+00  2.407061800000e-01
P 6 1
1.377587853000e+03  3.759696600000e-03
2.726605878000e+02  3.767937000000e-02
8.474270750000e+01  1.738967400000e-01
3.260357410000e+01  4.180364300000e-01
1.415975440000e+01  4.258595500000e-01
6.490451500000e+00  1.017083000000e-01
S 6 1
6.186673990000e+01 -7.943126400000e-03
1.781447130000e+01 -7.100264200000e-02
7.006877600000e+00 -1.785026900000e-01
3.202381200000e+00  1.510635100000e-01
1.593716300000e+00  7.354914800000e-01
8.184722000000e-01  2.760593100000e-01
P 6 1
6.186673990000e+01 -7.139358900000e-03
1.781447130000e+01 -1.829277100000e-02
7.006877600000e+00  7.621621400000e-02
3.202381200000e+00  4.145098600000e-01
1.593716300000e+00  4.889621500000e-01
8.184722000000e-01  1.058816500000e-01
S 6 1
3.495285800000e+00  3.775056000000e-03
1.124662500000e+00 -5.585965000000e-02
4.805297000000e-01 -3.192946000000e-01
2.396229000000e-01 -2.764780000000e-02
1.293379000000e-01  9.049199000000e-01
7.191950000000e-02  3.406258000000e-01
P 6 1
3.495285800000e+00 -7.052075000000e-03
1.124662500000e+00 -5.259505000000e-02
4.805297000000e-01 -3.773450000000e-02
2.396229000000e-01  3.874773000000e-01
1.293379000000e-01  5.791672000000e-01
7.191950000000e-02  1.221817000000e-01
D 6 1
5.166802250000e+01  6.633434400000e-03
1.487775990000e+01  5.958178000000e-02
5.851795500000e+00  2.401949600000e-01
2.674469400000e+00  4.648114700000e-01
1.330992500000e+00  3.434092300000e-01
6.835473000000e-01  5.389057000000e-02
@END

@ATOMBASIS CU
S 6 1
1.868650813000e+04  9.163596300000e-03
3.426150811000e+03  4.936149300000e-02
9.585135305000e+02  1.685383000000e-01
3.292752674000e+02  3.705628000000e-01
1.278672219000e+02  4.164915300000e-01
5.266278330000e+01  1.303340800000e-01
S 6 1
1.494364736000e+03 -1.325278800000e-02
2.957737804000e+02 -4.699171000000e-02
9.192627050000e+01 -3.378537200000e-02
3.536734970000e+01  2.502417900000e-01
1.536006410000e+01  5.951172500000e-01
7.040641200000e+00  2.407061800000e-01
P 6 1
1.494364736000e+03  3.759696600000e-03
2.957737804000e+02  3.767937000000e-02
9.192627050000e+01  1.738967400000e-01
3.536734970000e+01  4.180364300000e-01
1.536006410000e+01  4.258595500000e-01
7.040641200000e+00  1.017083000000e-01
S 6 1
6.771767080000e+01 -7.943126400000e-03
1.949924150000e+01 -7.100264200000e-02
7.669539900000e+00 -1.785026900000e-01
3.505240400000e+00  1.510635100000e-01
1.744439000000e+00  7.354914800000e-01
8.958777000000e-01  2.760593100000e-01
P 6 1
6.771767080000e+01 -7.139358900000e-03
1.949924150000e+01 -1.829277100000e-02
7.669539900000e+00  7.621621400000e-02
3.505240400000e+00  4.145098600000e-01
1.744439000000e+00  4.889621500000e-01
8.958777000000e-01  1.058816500000e-01
S 6 1
3.495285800000e+00  3.775056000000e-03
1.124662500000e+00 -5.585965000000e-02
4.805297000000e-01 -3.192946000000e-01
2.396229000000e-01 -2.764780000000e-02
1.293379000000e-01  9.049199000000e-01
7.191950000000e-02  3.406258000000e-01
P 6 1
3.495285800000e+00 -7.052075000000e-03
1.124662500000e+00 -5.259505000000e-02
4.805297000000e-01 -3.773450000000e-02
2.396229000000e-01  3.874773000000e-01
1.293379000000e-01  5.791672000000e-01
7.191950000000e-02  1.221817000000e-01
D 6 1
5.777753240000e+01  6.633434400000e-03
1.663698770000e+01  5.958178000000e-02
6.543743800000e+00  2.401949600000e-01
2.990713300000e+00  4.648114700000e-01
1.488376400000e+00  3.434092300000e-01
7.643736000000e-01  5.389057000000e-02
@END

@ATOMBASIS ZN
S 6 1
2.001011084000e+04  9.163596300000e-03
3.668831918000e+03  4.936149300000e-02
1.026406959000e+03  1.685383000000e-01
3.525984925000e+02  3.705628000000e-01
1.369243127000e+02  4.164915300000e-01
5.639299340000e+01  1.303340800000e-01
S 6 1
1.615891864000e+03 -1.325278800000e-02
3.198271707000e+02 -4.699171000000e-02
9.940204630000e+01 -3.378537200000e-02
3.824355010000e+01  2.502417900000e-01
1.660919990000e+01  5.951172500000e-01
7.613211500000e+00  2.407061800000e-01
P 6 1
1.615891864000e+03  3.759696600000e-03
3.198271707000e+02  3.767937000000e-02
9.940204630000e+01  1.738967400000e-01
3.824355010000e+01  4.180364300000e-01
1.660919990000e+01  4.258595500000e-01
7.613211500000e+00  1.017083000000e-01
S 6 1
7.354921500000e+01 -7.943126400000e-03
2.117842930000e+01 -7.100264200000e-02
8.330006500000e+00 -1.785026900000e-01
3.807096100000e+00  1.510635100000e-01
1.894662300000e+00  7.354914800000e-01
9.730267000000e-01  2.760593100000e-01
P 6 1
7.354921500000e+01 -7.139358900000e-03
2.117842930000e+01 -1.829277100000e-02
8.330006500000e+00  7.621621400000e-02
3.807096100000e+00  4.145098600000e-01
1.894662300000e+00  4.889621500000e-01
9.730267000000e-01  1.058816500000e-01
S 6 1
4.928899100000e+00  3.775056000000e-03
1.585949900000e+00 -5.585965000000e-02
6.776219000000e-01 -3.192946000000e-01
3.379057000000e-01 -2.764780000000e-02
1.823867000000e-01  9.049199000000e-01
1.014177000000e-01  3.406258000000e-01
P 6 1
4.928899100000e+00 -7.052075000000e-03
1.585949900000e+00 -5.259505000000e-02
6.776219000000e-01 -3.773450000000e-02
3.379057000000e-01  3.874773000000e-01
1.823867000000e-01  5.791672000000e-01
1.014177000000e-01  1.221817000000e-01
D 6 1
6.555947790000e+01  6.633434400000e-03
1.887779180000e+01  5.958178000000e-02
7.425108200000e+00  2.401949600000e-01
3.393526800000e+00  4.648114700000e-01
1.688842900000e+00  3.434092300000e-01
8.673257000000e-01  5.389057000000e-02
@END

@ATOMBASIS GA
S 6 1
2.137900011000e+04  9.163596300000e-03
3.919816268000e+03  4.936149300000e-02
1.096623335000e+03  1.685383000000e-01
3.767197129000e+02  3.705628000000e-01
1.462912884000e+02  4.164915300000e-01
6.025083130000e+01  1.303340800000e-01
S 6 1
1.739490009000e+03 -1.325278800000e-02
3.442904693000e+02 -4.699171000000e-02
1.070052212000e+02 -3.378537200000e-02
4.116876560000e+01  2.502417900000e-01
1.787962290000e+01  5.951172500000e-01
8.195539400000e+00  2.407061800000e-01
P 6 1
1.739490009000e+03  3.759696600000e-03
3.442904693000e+02  3.767937000000e-02
1.070052212000e+02  1.738967400000e-01
4.116876560000e+01  4.180364300000e-01
1.787962290000e+01  4.258595500000e-01
8.195539400000e+00  1.017083000000e-01
S 6 1
7.554658100000e+01 -7.943126400000e-03
2.175356900000e+01 -7.100264200000e-02
8.556223300000e+00 -1.785026900000e-01
3.910484900000e+00  1.510635100000e-01
1.946115400000e+00  7.354914800000e-01
9.994510000000e-01  2.760593100000e-01
P 6 1
7.554658100000e+01 -7.139358900000e-03
2.175356900000e+01 -1.829277100000e-02
8.556223300000e+00  7.621621400000e-02
3.910484900000e+00  4.145098600000e-01
1.946115400000e+00  4.889621500000e-01
9.994510000000e-01  1.058816500000e-01
S 6 1
4.423721000000e+00  3.775056000000e-03
1.423401000000e+00 -5.585965000000e-02
6.081704000000e-01 -3.192946000000e-01
3.032727000000e-01 -2.764780000000e-02
1.636933000000e-01  9.049199000000e-01
9.102310000000e-02  3.406258000000e-01
P 6 1
4.423721000000e+00 -7.052075000000e-03
1.423401000000e+00 -5.259505000000e-02
6.081704000000e-01 -3.773450000000e-02
3.032727000000e-01  3.874773000000e-01
1.636933000000e-01  5.791672000000e-01
9.102310000000e-02  1.221817000000e-01
D 6 1
7.554658100000e+01  6.633434400000e-03
2.175356900000e+01  5.958178000000e-02
8.556223300000e+00  2.401949600000e-01
3.910484900000e+00  4.648114700000e-01
1.946115400000e+00  3.434092300000e-01
9.994510000000e-01  5.389057000000e-02
@END

@ATOMBASIS GE
S 6 1
2.277866493000e+04  9.163596300000e-03
4.176443280000e+03  4.936149300000e-02
1.168418325000e+03  1.685383000000e-01
4.013832297000e+02  3.705628000000e-01
1.558688538000e+02  4.164915300000e-01
6.419540160000e+01  1.303340800000e-01
S 6 1
1.870418666000e+03 -1.325278800000e-02
3.702046675000e+02 -4.699171000000e-02
1.150593347000e+02 -3.378537200000e-02
4.426747330000e+01  2.502417900000e-01
1.922539380000e+01  5.951172500000e-01
8.812404600000e+00  2.407061800000e-01
P 6 1
1.870418666000e+03  3.759696600000e-03
3.702046675000e+02  3.767937000000e-02
1.150593347000e+02  1.738967400000e-01
4.426747330000e+01  4.180364300000e-01
1.922539380000e+01  4.258595500000e-01
8.812404600000e+00  1.017083000000e-01
S 6 1
8.501816440000e+01 -7.943126400000e-03
2.448090280000e+01 -7.100264200000e-02
9.628952000000e+00 -1.785026900000e-01
4.400758300000e+00  1.510635100000e-01
2.190107800000e+00  7.354914800000e-01
1.124756300000e+00  2.760593100000e-01
P 6 1
8.501816440000e+01 -7.139358900000e-03
2.448090280000e+01 -1.829277100000e-02
9.628952000000e+00  7.621621400000e-02
4.400758300000e+00  4.145098600000e-01
2.190107800000e+00  4.889621500000e-01
1.124756300000e+00  1.058816500000e-01
S 6 1
5.461384000000e+00  3.775056000000e-03
1.757285200000e+00 -5.585965000000e-02
7.508276000000e-01 -3.192946000000e-01
3.744108000000e-01 -2.764780000000e-02
2.020905000000e-01  9.049199000000e-01
1.123742000000e-01  3.406258000000e-01
P 6 1
5.461384000000e+00 -7.052075000000e-03
1.757285200000e+00 -5.259505000000e-02
7.508276000000e-01 -3.773450000000e-02
3.744108000000e-01  3.874773000000e-01
2.020905000000e-01  5.791672000000e-01
1.123742000000e-01  1.221817000000e-01
D 6 1
8.501816440000e+01  6.633434400000e-03
2.448090280000e+01  5.958178000000e-02
9.628952000000e+00  2.401949600000e-01
4.400758300000e+00  4.648114700000e-01
2.190107800000e+00  3.434092300000e-01
1.124756300000e+00  5.389057000000e-02
@END

@ATOMBASIS AS
S 6 1
2.423766988000e+04  9.163596300000e-03
4.443950241000e+03  4.936149300000e-02
1.243257133000e+03  1.685383000000e-01
4.270923800000e+02  3.705628000000e-01
1.658524692000e+02  4.164915300000e-01
6.830720580000e+01  1.303340800000e-01
S 6 1
2.003222475000e+03 -1.325278800000e-02
3.964900070000e+02 -4.699171000000e-02
1.232287987000e+02 -3.378537200000e-02
4.741056060000e+01  2.502417900000e-01
2.059043880000e+01  5.951172500000e-01
9.438104600000e+00  2.407061800000e-01
P 6 1
2.003222475000e+03  3.759696600000e-03
3.964900070000e+02  3.767937000000e-02
1.232287987000e+02  1.738967400000e-01
4.741056060000e+01  4.180364300000e-01
2.059043880000e+01  4.258595500000e-01
9.438104600000e+00  1.017083000000e-01
S 6 1
9.504895560000e+01 -7.943126400000e-03
2.736926000000e+01 -7.100264200000e-02
1.076501520000e+01 -1.785026900000e-01
4.919977800000e+00  1.510635100000e-01
2.448505700000e+00  7.354914800000e-01
1.257459600000e+00  2.760593100000e-01
P 6 1
9.504895560000e+01 -7.139358900000e-03
2.736926000000e+01 -1.829277100000e-02
1.076501520000e+01  7.621621400000e-02
4.919977800000e+00  4.145098600000e-01
2.448505700000e+00  4.889621500000e-01
1.257459600000e+00  1.058816500000e-01
S 6 1
6.136411100000e+00  3.775056000000e-03
1.974485700000e+00 -5.585965000000e-02
8.436299000000e-01 -3.192946000000e-01
4.206880000000e-01 -2.764780000000e-02
2.270689000000e-01  9.049199000000e-01
1.262636000000e-01  3.406258000000e-01
P 6 1
6.136411100000e+00 -7.052075000000e-03
1.974485700000e+00 -5.259505000000e-02
8.436299000000e-01 -3.773450000000e-02
4.206880000000e-01  3.874773000000e-01
2.270689000000e-01  5.791672000000e-01
1.262636000000e-01  1.221817000000e-01
D 6 1
9.504895560000e+01  6.633434400000e-03
2.736926000000e+01  5.958178000000e-02
1.076501520000e+01  2.401949600000e-01
4.919977800000e+00  4.648114700000e-01
2.448505700000e+00  3.434092300000e-01
1.257459600000e+00  5.389057000000e-02
@END

@ATOMBASIS SE
S 6 1
2.572654013000e+04  9.163596300000e-03
4.716932971000e+03  4.936149300000e-02
1.319627864000e+03  1.685383000000e-01
4.533277871000e+02  3.705628000000e-01
1.760404454000e+02  4.164915300000e-01
7.250317700000e+01  1.303340800000e-01
S 6 1
2.137610730000e+03 -1.325278800000e-02
4.230889499000e+02 -4.699171000000e-02
1.314957303000e+02 -3.378537200000e-02
5.059114710000e+01  2.502417900000e-01
2.197176970000e+01  5.951172500000e-01
1.007126960000e+01  2.407061800000e-01
P 6 1
2.137610730000e+03  3.759696600000e-03
4.230889499000e+02  3.767937000000e-02
1.314957303000e+02  1.738967400000e-01
5.059114710000e+01  4.180364300000e-01
2.197176970000e+01  4.258595500000e-01
1.007126960000e+01  1.017083000000e-01
S 6 1
1.056389548000e+02 -7.943126400000e-03
3.041864060000e+01 -7.100264200000e-02
1.196441290000e+01 -1.785026900000e-01
5.468143400000e+00  1.510635100000e-01
2.721309100000e+00  7.354914800000e-01
1.397561100000e+00  2.760593100000e-01
P 6 1
1.056389548000e+02 -7.139358900000e-03
3.041864060000e+01 -1.829277100000e-02
1.196441290000e+01  7.621621400000e-02
5.468143400000e+00  4.145098600000e-01
2.721309100000e+00  4.889621500000e-01
1.397561100000e+00  1.058816500000e-01
S 6 1
6.728971200000e+00  3.775056000000e-03
2.165151100000e+00 -5.585965000000e-02
9.250947000000e-01 -3.192946000000e-01
4.613115000000e-01 -2.764780000000e-02
2.489957000000e-01  9.049199000000e-01
1.384562000000e-01  3.406258000000e-01
P 6 1
6.728971200000e+00 -7.052075000000e-03
2.165151100000e+00 -5.259505000000e-02
9.250947000000e-01 -3.773450000000e-02
4.613115000000e-01  3.874773000000e-01
2.489957000000e-01  5.791672000000e-01
1.384562000000e-01  1.221817000000e-01
D 6 1
1.056389548000e+02  6.633434400000e-03
3.041864060000e+01  5.958178000000e-02
1.196441290000e+01  2.401949600000e-01
5.468143400000e+00  4.648114700000e-01
2.721309100000e+00  3.434092300000e-01
1.397561100000e+00  5.389057000000e-02
@END

@ATOMBASIS BR
S 6 1
2.727566077000e+04  9.163596300000e-03
5.000962544000e+03  4.936149300000e-02
1.399089103000e+03  1.685383000000e-01
4.806248674000e+02  3.705628000000e-01
1.866407005000e+02  4.164915300000e-01
7.686894740000e+01  1.303340800000e-01
S 6 1
2.279426398000e+03 -1.325278800000e-02
4.511579717000e+02 -4.699171000000e-02
1.402195613000e+02 -3.378537200000e-02
5.394751940000e+01  2.502417900000e-01
2.342944440000e+01  5.951172500000e-01
1.073942860000e+01  2.407061800000e-01
P 6 1
2.279426398000e+03  3.759696600000e-03
4.511579717000e+02  3.767937000000e-02
1.402195613000e+02  1.738967400000e-01
5.394751940000e+01  4.180364300000e-01
2.342944440000e+01  4.258595500000e-01
1.073942860000e+01  1.017083000000e-01
S 6 1
1.167881618000e+02 -7.943126400000e-03
3.362904460000e+01 -7.100264200000e-02
1.322714520000e+01 -1.785026900000e-01
6.045254900000e+00  1.510635100000e-01
3.008517900000e+00  7.354914800000e-01
1.545060600000e+00  2.760593100000e-01
P 6 1
1.167881618000e+02 -7.139358900000e-03
3.362904460000e+01 -1.829277100000e-02
1.322714520000e+01  7.621621400000e-02
6.045254900000e+00  4.145098600000e-01
3.008517900000e+00  4.889621500000e-01
1.545060600000e+00  1.058816500000e-01
S 6 1
7.733865900000e+00  3.775056000000e-03
2.488491600000e+00 -5.585965000000e-02
1.063247000000e+00 -3.192946000000e-01
5.302031000000e-01 -2.764780000000e-02
2.861804000000e-01  9.049199000000e-01
1.591330000000e-01  3.406258000000e-01
P 6 1
7.733865900000e+00 -7.052075000000e-03
2.488491600000e+00 -5.259505000000e-02
1.063247000000e+00 -3.773450000000e-02
5.302031000000e-01  3.874773000000e-01
2.861804000000e-01  5.791672000000e-01
1.591330000000e-01  1.221817000000e-01
D 6 1
1.167881618000e+02  6.633434400000e-03
3.362904460000e+01  5.958178000000e-02
1.322714520000e+01  2.401949600000e-01
6.045254900000e+00  4.648114700000e-01
3.008517900000e+00  3.434092300000e-01
1.545060600000e+00  5.389057000000e-02
@END

@ATOMBASIS KR
S 6 1
2.885373644000e+04  9.163596300000e-03
5.290300991000e+03  4.936149300000e-02
1.480035573000e+03  1.685383000000e-01
5.084321647000e+02  3.705628000000e-01
1.974390878000e+02  4.164915300000e-01
8.131631960000e+01  1.303340800000e-01
S 6 1
2.425796448000e+03 -1.325278800000e-02
4.801284244000e+02 -4.699171000000e-02
1.492235564000e+02 -3.378537200000e-02
5.741168090000e+01  2.502417900000e-01
2.493393210000e+01  5.951172500000e-01
1.142904540000e+01  2.407061800000e-01
P 6 1
2.425796448000e+03  3.759696600000e-03
4.801284244000e+02  3.767937000000e-02
1.492235564000e+02  1.738967400000e-01
5.741168090000e+01  4.180364300000e-01
2.493393210000e+01  4.258595500000e-01
1.142904540000e+01  1.017083000000e-01
S 6 1
1.284965766000e+02 -7.943126400000e-03
3.700047200000e+01 -7.100264200000e-02
1.455321200000e+01 -1.785026900000e-01
6.651312500000e+00  1.510635100000e-01
3.310132200000e+00  7.354914800000e-01
1.699958300000e+00  2.760593100000e-01
P 6 1
1.284965766000e+02 -7.139358900000e-03
3.700047200000e+01 -1.829277100000e-02
1.455321200000e+01  7.621621400000e-02
6.651312500000e+00  4.145098600000e-01
3.310132200000e+00  4.889621500000e-01
1.699958300000e+00  1.058816500000e-01
S 6 1
8.808666300000e+00  3.775056000000e-03
2.834325300000e+00 -5.585965000000e-02
1.211009800000e+00 -3.192946000000e-01
6.038872000000e-01 -2.764780000000e-02
3.259518000000e-01  9.049199000000e-01
1.812483000000e-01  3.406258000000e-01
P 6 1
8.808666300000e+00 -7.052075000000e-03
2.834325300000e+00 -5.259505000000e-02
1.211009800000e+00 -3.773450000000e-02
6.038872000000e-01  3.874773000000e-01
3.259518000000e-01  5.791672000000e-01
1.812483000000e-01  1.221817000000e-01
D 6 1
1.284965766000e+02  6.633434400000e-03
3.700047200000e+01  5.958178000000e-02
1.455321200000e+01  2.401949600000e-01
6.651312500000e+00  4.648114700000e-01
3.310132200000e+00  3.434092300000e-01
1.699958300000e+00  5.389057000000e-02
@END
f8204cd11a497c5a101d9a4ed1f8058d