@BASIS_SET STO-3G

@ATOMBASIS H
S 3 1
3.425250900000e+00  1.543289700000e-01
6.239137000000e-01  5.353281400000e-01
1.688554000000e-01  4.446345400000e-01
@END

@ATOMBASIS HE
S 3 1
6.362421400000e+00  1.543289700000e-01
1.158923000000e+00  5.353281400000e-01
3.136498000000e-01  4.446345400000e-01
@END

@ATOMBASIS LI
S 3 1
1.611957500000e+01  1.543289700000e-01
2.936200700000e+00  5.353281400000e-01
7.946505000000e-01  4.446345400000e-01
S 3 1
6.362897000000e-01 -9.996723000000e-02
1.478601000000e-01  3.995128300000e-01
4.808870000000e-02  7.001154700000e-01
P 3 1
6.362897000000e-01  1.559162700000e-01
1.478601000000e-01  6.076837200000e-01
4.808870000000e-02  3.919573900000e-01
@END

@ATOMBASIS BE
S 3 1
3.016787100000e+01  1.543289700000e-01
5.495115300000e+00  5.353281400000e-01
1.487192700000e+00  4.446345400000e-01
S 3 1
1.314833100000e+00 -9.996723000000e-02
3.055389000000e-01  3.995128300000e-01
9.937070000000e-02  7.001154700000e-01
P 3 1
1.314833100000e+00  1.559162700000e-01
3.055389000000e-01  6.076837200000e-01
9.937070000000e-02  3.919573900000e-01
@END

@ATOMBASIS B
S 3 1
4.879111300000e+01  1.543289700000e-01
8.887362200000e+00  5.353281400000e-01
2.405267000000e+00  4.446345400000e-01
S 3 1
2.236956100000e+00 -9.996723000000e-02
5.198205000000e-01  3.995128300000e-01
1.690618000000e-01  7.001154700000e-01
P 3 1
2.236956100000e+00  1.559162700000e-01
5.198205000000e-01  6.076837200000e-01
1.690618000000e-01  3.919573900000e-01
@END

@ATOMBASIS C
S 3 1
7.161683700000e+01  1.543289700000e-01
1.304509600000e+01  5.353281400000e-01
3.530512200000e+00  4.446345400000e-01
S 3 1
2.941249400000e+00 -9.996723000000e-02
6.834831000000e-01  3.995128300000e-01
2.222899000000e-01  7.001154700000e-01
P 3 1
2.941249400000e+00  1.559162700000e-01
6.834831000000e-01  6.076837200000e-01
2.222899000000e-01  3.919573900000e-01
@END

@ATOMBASIS N
S 3 1
9.910616900000e+01  1.543289700000e-01
1.805231200000e+01  5.353281400000e-01
4.885660200000e+00  4.446345400000e-01
S 3 1
3.780455900000e+00 -9.996723000000e-02
8.784966000000e-01  3.995128300000e-01
2.857144000000e-01  7.001154700000e-01
P 3 1
3.780455900000e+00  1.559162700000e-01
8.784966000000e-01  6.076837200000e-01
2.857144000000e-01  3.919573900000e-01
@END

@ATOMBASIS O
S 3 1
1.307093200000e+02  1.543289700000e-01
2.380886100000e+01  5.353281400000e-01
6.443608300000e+00  4.446345400000e-01
S 3 1
5.033151300000e+00 -9.996723000000e-02
1.169596100000e+00  3.995128300000e-01
3.803890000000e-01  7.001154700000e-01
P 3 1
5.033151300000e+00  1.559162700000e-01
1.169596100000e+00  6.076837200000e-01
3.803890000000e-01  3.919573900000e-01
@END

@ATOMBASIS F
S 3 1
1.666791300000e+02  1.543289700000e-01
3.036081200000e+01  5.353281400000e-01
8.216820700000e+00  4.446345400000e-01
S 3 1
6.464803200000e+00 -9.996723000000e-02
1.502281200000e+00  3.995128300000e-01
4.885885000000e-01  7.001154700000e-01
P 3 1
6.464803200000e+00  1.559162700000e-01
1.502281200000e+00  6.076837200000e-01
4.885885000000e-01  3.919573900000e-01
@END

@ATOMBASIS NE
S 3 1
2.070156100000e+02  1.543289700000e-01
3.770815100000e+01  5.353281400000e-01
1.020529700000e+01  4.446345400000e-01
S 3 1
8.246315100000e+00 -9.996723000000e-02
1.916266200000e+00  3.995128300000e-01
6.232293000000e-01  7.001154700000e-01
P 3 1
8.246315100000e+00  1.559162700000e-01
1.916266200000e+00  6.076837200000e-01
6.232293000000e-01  3.919573900000e-01
@END

@ATOMBASIS NA
S 3 1
2.507724300000e+02  1.543289700000e-01
4.567851100000e+01  5.353281400000e-01
1.236238800000e+01  4.446345400000e-01
S 3 1
1.204019300000e+01 -9.996722900000e-02
2.797881900000e+00  3.995128300000e-01
9.099580000000e-01  7.001154700000e-01
P 3 1
1.204019300000e+01  1.559162700000e-01
2.797881900000e+00  6.076837200000e-01
9.099580000000e-01  3.919573900000e-01
S 3 1
1.478740600000e+00 -2.196203700000e-01
4.125649000000e-01  2.255954300000e-01
1.614751000000e-01  9.003984300000e-01
P 3 1
1.478740600000e+00  1.058760400000e-02
4.125649000000e-01  5.951670100000e-01
1.614751000000e-01  4.620010100000e-01
@END

@ATOMBASIS MG
S 3 1
2.992374000000e+02  1.543289700000e-01
5.450647000000e+01  5.353281400000e-01
1.475158000000e+01  4.446345400000e-01
S 3 1
1.512182000000e+01 -9.996722900000e-02
3.513987000000e+00  3.995128300000e-01
1.142857000000e+00  7.001154700000e-01
P 3 1
1.512182000000e+01  1.559162700000e-01
3.513987000000e+00  6.076837200000e-01
1.142857000000e+00  3.919573900000e-01
S 3 1
1.395448000000e+00 -2.196203700000e-01
3.893260000000e-01  2.255954300000e-01
1.523800000000e-01  9.003984300000e-01
P 3 1
1.395448000000e+00  1.058760400000e-02
3.893260000000e-01  5.951670100000e-01
1.523800000000e-01  4.620010100000e-01
@END

@ATOMBASIS AL
S 3 1
3.514214767000e+02  1.543289700000e-01
6.401186070000e+01  5.353281400000e-01
1.732410760000e+01  4.446345400000e-01
S 3 1
1.889939620000e+01 -9.996722900000e-02
4.391813200000e+00  3.995128300000e-01
1.428354000000e+00  7.001154700000e-01
P 3 1
1.889939620000e+01  1.559162700000e-01
4.391813200000e+00  6.076837200000e-01
1.428354000000e+00  3.919573900000e-01
S 3 1
1.395448300000e+00 -2.196203700000e-01
3.893265000000e-01  2.255954300000e-01
1.523798000000e-01  9.003984300000e-01
P 3 1
1.395448300000e+00  1.058760400000e-02
3.893265000000e-01  5.951670100000e-01
1.523798000000e-01  4.620010100000e-01
@END

@ATOMBASIS SI
S 3 1
4.077975514000e+02  1.543289700000e-01
7.428083300000e+01  5.353281400000e-01
2.010329230000e+01  4.446345400000e-01
S 3 1
2.319365610000e+01 -9.996722900000e-02
5.389706900000e+00  3.995128300000e-01
1.752900000000e+00  7.001154700000e-01
P 3 1
2.319365610000e+01  1.559162700000e-01
5.389706900000e+00  6.076837200000e-01
1.752900000000e+00  3.919573900000e-01
S 3 1
1.478740600000e+00 -2.196203700000e-01
4.125649000000e-01  2.255954300000e-01
1.614751000000e-01  9.003984300000e-01
P 3 1
1.478740600000e+00  1.058760400000e-02
4.125649000000e-01  5.951670100000e-01
1.614751000000e-01  4.620010100000e-01
@END

@ATOMBASIS P
S 3 1
4.683656378000e+02  1.543289700000e-01
8.531338560000e+01  5.353281400000e-01
2.308913160000e+01  4.446345400000e-01
S 3 1
2.803263960000e+01 -9.996722900000e-02
6.514182600000e+00  3.995128300000e-01
2.118614400000e+00  7.001154700000e-01
P 3 1
2.803263960000e+01  1.559162700000e-01
6.514182600000e+00  6.076837200000e-01
2.118614400000e+00  3.919573900000e-01
S 3 1
1.743103200000e+00 -2.196203700000e-01
4.863214000000e-01  2.255954300000e-01
1.903429000000e-01  9.003984300000e-01
P 3 1
1.743103200000e+00  1.058760400000e-02
4.863214000000e-01  5.951670100000e-01
1.903429000000e-01  4.620010100000e-01
@END

@ATOMBASIS S
S 3 1
5.331257359000e+02  1.543289700000e-01
9.710951830000e+01  5.353281400000e-01
2.628162540000e+01  4.446345400000e-01
S 3 1
3.332975170000e+01 -9.996722900000e-02
7.745117500000e+00  3.995128300000e-01
2.518952600000e+00  7.001154700000e-01
P 3 1
3.332975170000e+01  1.559162700000e-01
7.745117500000e+00  6.076837200000e-01
2.518952600000e+00  3.919573900000e-01
S 3 1
2.029194300000e+00 -2.196203700000e-01
5.661401000000e-01  2.255954300000e-01
2.215834000000e-01  9.003984300000e-01
P 3 1
2.029194300000e+00  1.058760400000e-02
5.661401000000e-01  5.951670100000e-01
2.215834000000e-01  4.620010100000e-01
@END

@ATOMBASIS CL
S 3 1
6.013456136000e+02  1.543289700000e-01
1.095358542000e+02  5.353281400000e-01
2.964467690000e+01  4.446345400000e-01
S 3 1
3.896041890000e+01 -9.996722900000e-02
9.053563500000e+00  3.995128300000e-01
2.944499800000e+00  7.001154700000e-01
P 3 1
3.896041890000e+01  1.559162700000e-01
9.053563500000e+00  6.076837200000e-01
2.944499800000e+00  3.919573900000e-01
S 3 1
2.129386500000e+00 -2.196203700000e-01
5.940934000000e-01  2.255954300000e-01
2.325241000000e-01  9.003984300000e-01
P 3 1
2.129386500000e+00  1.058760400000e-02
5.940934000000e-01  5.951670100000e-01
2.325241000000e-01  4.620010100000e-01
@END

@ATOMBASIS AR
S 3 1
6.744465184000e+02  1.543289700000e-01
1.228512753000e+02  5.353281400000e-01
3.324834940000e+01  4.446345400000e-01
S 3 1
4.516424390000e+01 -9.996722900000e-02
1.049519900000e+01  3.995128300000e-01
3.413364400000e+00  7.001154700000e-01
P 3 1
4.516424390000e+01  1.559162700000e-01
1.049519900000e+01  6.076837200000e-01
3.413364400000e+00  3.919573900000e-01
S 3 1
2.621366500000e+00 -2.196203700000e-01
7.313546000000e-01  2.255954300000e-01
2.862472000000e-01  9.003984300000e-01
P 3 1
2.621366500000e+00  1.058760400000e-02
7.313546000000e-01  5.951670100000e-01
2.862472000000e-01  4.620010100000e-01
@END

@ATOMBASIS K
S 3 1
7.715103681000e+02  1.543289700000e-01
1.405315766000e+02  5.353281400000e-01
3.803332900000e+01  4.446345400000e-01
S 3 1
5.240203980000e+01 -9.996722900000e-02
1.217710710000e+01  3.995128300000e-01
3.960373200000e+00  7.001154700000e-01
P 3 1
5.240203980000e+01  1.559162700000e-01
1.217710710000e+01  6.076837200000e-01
3.960373200000e+00  3.919573900000e-01
S 3 1
3.651584000000e+00 -2.196203700000e-01
1.018782700000e+00  2.255954300000e-01
3.987446000000e-01  9.003984300000e-01
P 3 1
3.651584000000e+00  1.058760400000e-02
1.018782700000e+00  5.951670100000e-01
3.987446000000e-01  4.620010100000e-01
S 3 1
5.039823000000e-01 -3.088441200000e-01
1.860011000000e-01  1.960641200000e-02
8.214010000000e-02  1.131034400000e+00
P 3 1
5.039823000000e-01 -1.215468600000e-01
1.860011000000e-01  5.715227600000e-01
8.214010000000e-02  5.498949500000e-01
@END

@ATOMBASIS CA
S 3 1
8.540324951000e+02  1.543289700000e-01
1.555630851000e+02  5.353281400000e-01
4.210144180000e+01  4.446345400000e-01
S 3 1
5.956029940000e+01 -9.996722900000e-02
1.384053270000e+01  3.995128300000e-01
4.501370800000e+00  7.001154700000e-01
P 3 1
5.956029940000e+01  1.559162700000e-01
1.384053270000e+01  6.076837200000e-01
4.501370800000e+00  3.919573900000e-01
S 3 1
4.374706300000e+00 -2.196203700000e-01
1.220531900000e+00  2.255954300000e-01
4.777079000000e-01  9.003984300000e-01
P 3 1
4.374706300000e+00  1.058760400000e-02
1.220531900000e+00  5.951670100000e-01
4.777079000000e-01  4.620010100000e-01
S 3 1
4.558490000000e-01 -3.088441200000e-01
1.682369000000e-01  1.960641200000e-02
7.429520000000e-02  1.131034400000e+00
P 3 1
4.558490000000e-01 -1.215468600000e-01
1.682369000000e-01  5.715227600000e-01
7.429520000000e-02  5.498949500000e-01
@END

@ATOMBASIS SC
S 3 1
9.416624250000e+02  1.543289700000e-01
1.715249862000e+02  5.353281400000e-01
4.642135520000e+01  4.446345400000e-01
S 3 1
6.717668770000e+01 -9.996722900000e-02
1.561041750000e+01  3.995128300000e-01
5.076992300000e+00  7.001154700000e-01
P 3 1
6.717668770000e+01  1.559162700000e-01
1.561041750000e+01  6.076837200000e-01
5.076992300000e+00  3.919573900000e-01
S 3 1
4.698159200000e+00 -2.277635000000e-01
1.433088300000e+00  2.175436000000e-01
5.529300000000e-01  9.166769600000e-01
P 3 1
4.698159200000e+00  4.951511200000e-03
1.433088300000e+00  5.777664700000e-01
5.529300000000e-01  4.846460400000e-01
S 3 1
6.309328000000e-01 -3.088441200000e-01
2.328539000000e-01  1.960641200000e-02
1.028307000000e-01  1.131034400000e+00
P 3 1
6.309328000000e-01 -1.215468600000e-01
2.328539000000e-01  5.715227600000e-01
1.028307000000e-01  5.498949500000e-01
D 3 1
5.517001000000e-01  2.197679500000e-01
1.682861000000e-01  6.555473600000e-01
6.493000000000e-02  2.865732600000e-01
@END

@ATOMBASIS TI
S 3 1
1.033571245000e+03  1.543289700000e-01
1.882662926000e+02  5.353281400000e-01
5.095220600000e+01  4.446345400000e-01
S 3 1
7.525120460000e+01 -9.996722900000e-02
1.748676160000e+01  3.995128300000e-01
5.687237600000e+00  7.001154700000e-01
P 3 1
7.525120460000e+01  1.559162700000e-01
1.748676160000e+01  6.076837200000e-01
5.687237600000e+00  3.919573900000e-01
S 3 1
5.395535500000e+00 -2.277635000000e-01
1.645810300000e+00  2.175436000000e-01
6.350048000000e-01  9.166769600000e-01
P 3 1
5.395535500000e+00  4.951511200000e-03
1.645810300000e+00  5.777664700000e-01
6.350048000000e-01  4.846460400000e-01
S 3 1
7.122640000000e-01 -3.088441200000e-01
2.628702000000e-01  1.960641200000e-02
1.160863000000e-01  1.131034400000e+00
P 3 1
7.122640000000e-01 -1.215468600000e-01
2.628702000000e-01  5.715227600000e-01
1.160863000000e-01  5.498949500000e-01
D 3 1
1.645981200000e+00  2.197679500000e-01
5.020767000000e-01  6.555473600000e-01
1.937168000000e-01  2.865732600000e-01
@END

@ATOMBASIS V
S 3 1
1.130762517000e+03  1.543289700000e-01
2.059698041000e+02  5.353281400000e-01
5.574346710000e+01  4.446345400000e-01
S 3 1
8.378385010000e+01 -9.996722900000e-02
1.946956490000e+01  3.995128300000e-01
6.332106800000e+00  7.001154700000e-01
P 3 1
8.378385010000e+01  1.559162700000e-01
1.946956490000e+01  6.076837200000e-01
6.332106800000e+00  3.919573900000e-01
S 3 1
6.141151300000e+00 -2.277635000000e-01
1.873246900000e+00  2.175436000000e-01
7.227569000000e-01  9.166769600000e-01
P 3 1
6.141151300000e+00  4.951511200000e-03
1.873246900000e+00  5.777664700000e-01
7.227569000000e-01  4.846460400000e-01
S 3 1
7.122640000000e-01 -3.088441200000e-01
2.628702000000e-01  1.960641200000e-02
1.160863000000e-01  1.131034400000e+00
P 3 1
7.122640000000e-01 -1.215468600000e-01
2.628702000000e-01  5.715227600000e-01
1.160863000000e-01  5.498949500000e-01
D 3 1
2.964817900000e+00  2.197679500000e-01
9.043640000000e-01  6.555473600000e-01
3.489317000000e-01  2.865732600000e-01
@END

@ATOMBASIS CR
S 3 1
1.232320450000e+03  1.543289700000e-01
2.244687082000e+02  5.353281400000e-01
6.074999250000e+01  4.446345400000e-01
S 3 1
9.277462420000e+01 -9.996722900000e-02
2.155882750000e+01  3.995128300000e-01
7.011599800000e+00  7.001154700000e-01
P 3 1
9.277462420000e+01  1.559162700000e-01
2.155882750000e+01  6.076837200000e-01
7.011599800000e+00  3.919573900000e-01
S 3 1
6.899488100000e+00 -2.277635000000e-01
2.104563800000e+00  2.175436000000e-01
8.120061000000e-01  9.166769600000e-01
P 3 1
6.899488100000e+00  4.951511200000e-03
2.104563800000e+00  5.777664700000e-01
8.120061000000e-01  4.846460400000e-01
S 3 1
7.547781000000e-01 -3.088441200000e-01
2.785606000000e-01  1.960641200000e-02
1.230153000000e-01  1.131034400000e+00
P 3 1
7.547781000000e-01 -1.215468600000e-01
2.785606000000e-01  5.715227600000e-01
1.230153000000e-01  5.498949500000e-01
D 3 1
4.241479200000e+00  2.197679500000e-01
1.293786400000e+00  6.555473600000e-01
4.991830000000e-01  2.865732600000e-01
@END

@ATOMBASIS MN
S 3 1
1.337153266000e+03  1.543289700000e-01
2.435641365000e+02  5.353281400000e-01
6.591796060000e+01  4.446345400000e-01
S 3 1
1.020220021000e+02 -9.996722900000e-02
2.370771920000e+01  3.995128300000e-01
7.710486100000e+00  7.001154700000e-01
P 3 1
1.020220021000e+02  1.559162700000e-01
2.370771920000e+01  6.076837200000e-01
7.710486100000e+00  3.919573900000e-01
S 3 1
7.701960900000e+00 -2.277635000000e-01
2.349343600000e+00  2.175436000000e-01
9.064498000000e-01  9.166769600000e-01
P 3 1
7.701960900000e+00  4.951511200000e-03
2.349343600000e+00  5.777664700000e-01
9.064498000000e-01  4.846460400000e-01
S 3 1
6.709823000000e-01 -3.088441200000e-01
2.476347000000e-01  1.960641200000e-02
1.093581000000e-01  1.131034400000e+00
P 3 1
6.709823000000e-01 -1.215468600000e-01
2.476347000000e-01  5.715227600000e-01
1.093581000000e-01  5.498949500000e-01
D 3 1
5.426950500000e+00  2.197679500000e-01
1.655392900000e+00  6.555473600000e-01
6.387020000000e-01  2.865732600000e-01
@END

@ATOMBASIS FE
S 3 1
1.447400411000e+03  1.543289700000e-01
2.636457916000e+02  5.353281400000e-01
7.135284020000e+01  4.446345400000e-01
S 3 1
1.119194891000e+02 -9.996722900000e-02
2.600768240000e+01  3.995128300000e-01
8.458505500000e+00  7.001154700000e-01
P 3 1
1.119194891000e+02  1.559162700000e-01
2.600768240000e+01  6.076837200000e-01
8.458505500000e+00  3.919573900000e-01
S 3 1
8.548569800000e+00 -2.277635000000e-01
2.607586300000e+00  2.175436000000e-01
1.006087800000e+00  9.166769600000e-01
P 3 1
8.548569800000e+00  4.951511200000e-03
2.607586300000e+00  5.777664700000e-01
1.006087800000e+00  4.846460400000e-01
S 3 1
5.921157000000e-01 -3.088441200000e-01
2.185279000000e-01  1.960641200000e-02
9.650420000000e-02  1.131034400000e+00
P 3 1
5.921157000000e-01 -1.215468600000e-01
2.185279000000e-01  5.715227600000e-01
9.650420000000e-02  5.498949500000e-01
D 3 1
6.411803500000e+00  2.197679500000e-01
1.955804400000e+00  6.555473600000e-01
7.546102000000e-01  2.865732600000e-01
@END

@ATOMBASIS CO
S 3 1
1.557298704000e+03  1.543289700000e-01
2.836639029000e+02  5.353281400000e-01
7.677052230000e+01  4.446345400000e-01
S 3 1
1.218344741000e+02 -9.996722900000e-02
2.831171160000e+01  3.995128300000e-01
9.207847300000e+00  7.001154700000e-01
P 3 1
1.218344741000e+02  1.559162700000e-01
2.831171160000e+01  6.076837200000e-01
9.207847300000e+00  3.919573900000e-01
S 3 1
9.480851700000e+00 -2.277635000000e-01
2.891962000000e+00  2.175436000000e-01
1.115808800000e+00  9.166769600000e-01
P 3 1
9.480851700000e+00  4.951511200000e-03
2.891962000000e+00  5.777664700000e-01
1.115808800000e+00  4.846460400000e-01
S 3 1
5.921157000000e-01 -3.088441200000e-01
2.185279000000e-01  1.960641200000e-02
9.650420000000e-02  1.131034400000e+00
P 3 1
5.921157000000e-01 -1.215468600000e-01
2.185279000000e-01  5.715227600000e-01
9.650420000000e-02  5.498949500000e-01
D 3 1
7.664527400000e+00  2.197679500000e-01
2.337925200000e+00  6.555473600000e-01
9.020442000000e-01  2.865732600000e-01
@END

@ATOMBASIS NI
S 3 1
1.679771028000e+03  1.543289700000e-01
3.059723896000e+02  5.353281400000e-01
8.280806940000e+01  4.446345400000e-01
S 3 1
1.328588899000e+02 -9.996722900000e-02
3.087354880000e+01  3.995128300000e-01
1.004103630000e+01  7.001154700000e-01
P 3 1
1.328588899000e+02  1.559162700000e-01
3.087354880000e+01  6.076837200000e-01
1.004103630000e+01  3.919573900000e-01
S 3 1
1.033074340000e+01 -2.277635000000e-01
3.151206000000e+00  2.175436000000e-01
1.215833200000e+00  9.166769600000e-01
P 3 1
1.033074340000e+01  4.951511200000e-03
3.151206000000e+00  5.777664700000e-01
1.215833200000e+00  4.846460400000e-01
S 3 1
6.309328000000e-01 -3.088441200000e-01
2.328539000000e-01  1.960641200000e-02
1.028307000000e-01  1.131034400000e+00
P 3 1
6.309328000000e-01 -1.215468600000e-01
2.328539000000e-01  5.715227600000e-01
1.028307000000e-01  5.498949500000e-01
D 3 1
8.627722800000e+00  2.197679500000e-01
2.631730400000e+00  6.555473600000e-01
1.015403400000e+00  2.865732600000e-01
@END

@ATOMBASIS CU
S 3 1
1.801806730000e+03  1.543289700000e-01
3.282013450000e+02  5.353281400000e-01
8.882409230000e+01  4.446345400000e-01
S 3 1
1.441212184000e+02 -9.996722900000e-02
3.349067170000e+01  3.995128300000e-01
1.089220590000e+01  7.001154700000e-01
P 3 1
1.441212184000e+02  1.559162700000e-01
3.349067170000e+01  6.076837200000e-01
1.089220590000e+01  3.919573900000e-01
S 3 1
1.130775400000e+01 -2.277635000000e-01
3.449225400000e+00  2.175436000000e-01
1.330818400000e+00  9.166769600000e-01
P 3 1
1.130775400000e+01  4.951511200000e-03
3.449225400000e+00  5.777664700000e-01
1.330818400000e+00  4.846460400000e-01
S 3 1
6.309328000000e-01 -3.088441200000e-01
2.328539000000e-01  1.960641200000e-02
1.028307000000e-01  1.131034400000e+00
P 3 1
6.309328000000e-01 -1.215468600000e-01
2.328539000000e-01  5.715227600000e-01
1.028307000000e-01  5.498949500000e-01
D 3 1
9.647911900000e+00  2.197679500000e-01
2.942920700000e+00  6.555473600000e-01
1.135470300000e+00  2.865732600000e-01
@END

@ATOMBASIS ZN
S 3 1
1.929432301000e+03  1.543289700000e-01
3.514485021000e+02  5.353281400000e-01
9.511568020000e+01  4.446345400000e-01
S 3 1
1.558416755000e+02 -9.996722900000e-02
3.621425390000e+01  3.995128300000e-01
1.177799930000e+01  7.001154700000e-01
P 3 1
1.558416755000e+02  1.559162700000e-01
3.621425390000e+01  6.076837200000e-01
1.177799930000e+01  3.919573900000e-01
S 3 1
1.228152740000e+01 -2.277635000000e-01
3.746257300000e+00  2.175436000000e-01
1.445422500000e+00  9.166769600000e-01
P 3 1
1.228152740000e+01  4.951511200000e-03
3.746257300000e+00  5.777664700000e-01
1.445422500000e+00  4.846460400000e-01
S 3 1
8.897139000000e-01 -3.088441200000e-01
3.283604000000e-01  1.960641200000e-02
1.450074000000e-01  1.131034400000e+00
P 3 1
8.897139000000e-01 -1.215468600000e-01
3.283604000000e-01  5.715227600000e-01
1.450074000000e-01  5.498949500000e-01
D 3 1
1.094737080000e+01  2.197679500000e-01
3.339297000000e+00  6.555473600000e-01
1.288404600000e+00  2.865732600000e-01
@END

@ATOMBASIS GA
S 3 1
2.061424532000e+03  1.543289700000e-01
3.754910517000e+02  5.353281400000e-01
1.016225324000e+02  4.446345400000e-01
S 3 1
1.677618680000e+02 -9.996722900000e-02
3.898425030000e+01  3.995128300000e-01
1.267888810000e+01  7.001154700000e-01
P 3 1
1.677618680000e+02  1.559162700000e-01
3.898425030000e+01  6.076837200000e-01
1.267888810000e+01  3.919573900000e-01
S 3 1
1.261505520000e+01 -2.277635000000e-01
3.847993900000e+00  2.175436000000e-01
1.484675700000e+00  9.166769600000e-01
P 3 1
1.261505520000e+01  4.951511200000e-03
3.847993900000e+00  5.777664700000e-01
1.484675700000e+00  4.846460400000e-01
S 3 1
7.985244000000e-01 -3.088441200000e-01
2.947057000000e-01  1.960641200000e-02
1.301452000000e-01  1.131034400000e+00
P 3 1
7.985244000000e-01 -1.215468600000e-01
2.947057000000e-01  5.715227600000e-01
1.301452000000e-01  5.498949500000e-01
D 3 1
1.261505520000e+01  2.197679500000e-01
3.847993900000e+00  6.555473600000e-01
1.484675700000e+00  2.865732600000e-01
@END

@ATOMBASIS GE
S 3 1
2.196384229000e+03  1.543289700000e-01
4.000741292000e+02  5.353281400000e-01
1.082756726000e+02  4.446345400000e-01
S 3 1
1.803890380000e+02 -9.996722900000e-02
4.191853300000e+01  3.995128300000e-01
1.363320790000e+01  7.001154700000e-01
P 3 1
1.803890380000e+02  1.559162700000e-01
4.191853300000e+01  6.076837200000e-01
1.363320790000e+01  3.919573900000e-01
S 3 1
1.419665620000e+01 -2.277635000000e-01
4.330432600000e+00  2.175436000000e-01
1.670815500000e+00  9.166769600000e-01
P 3 1
1.419665620000e+01  4.951511200000e-03
4.330432600000e+00  5.777664700000e-01
1.670815500000e+00  4.846460400000e-01
S 3 1
9.858326000000e-01 -3.088441200000e-01
3.638342000000e-01  1.960641200000e-02
1.606730000000e-01  1.131034400000e+00
P 3 1
9.858326000000e-01 -1.215468600000e-01
3.638342000000e-01  5.715227600000e-01
1.606730000000e-01  5.498949500000e-01
D 3 1
1.419665620000e+01  2.197679500000e-01
4.330432600000e+00  6.555473600000e-01
1.670815500000e+00  2.865732600000e-01
@END

@ATOMBASIS AS
S 3 1
2.337065673000e+03  1.543289700000e-01
4.256994298000e+02  5.353281400000e-01
1.152108790000e+02  4.446345400000e-01
S 3 1
1.931970535000e+02 -9.996722900000e-02
4.489484040000e+01  3.995128300000e-01
1.460119550000e+01  7.001154700000e-01
P 3 1
1.931970535000e+02  1.559162700000e-01
4.489484040000e+01  6.076837200000e-01
1.460119550000e+01  3.919573900000e-01
S 3 1
1.587163580000e+01 -2.277635000000e-01
4.841354800000e+00  2.175436000000e-01
1.867945200000e+00  9.166769600000e-01
P 3 1
1.587163580000e+01  4.951511200000e-03
4.841354800000e+00  5.777664700000e-01
1.867945200000e+00  4.846460400000e-01
S 3 1
1.107681500000e+00 -3.088441200000e-01
4.088041000000e-01  1.960641200000e-02
1.805322000000e-01  1.131034400000e+00
P 3 1
1.107681500000e+00 -1.215468600000e-01
4.088041000000e-01  5.715227600000e-01
1.805322000000e-01  5.498949500000e-01
D 3 1
1.587163580000e+01  2.197679500000e-01
4.841354800000e+00  6.555473600000e-01
1.867945200000e+00  2.865732600000e-01
@END

@ATOMBASIS SE
S 3 1
2.480626814000e+03  1.543289700000e-01
4.518492708000e+02  5.353281400000e-01
1.222880464000e+02  4.446345400000e-01
S 3 1
2.061578780000e+02 -9.996722900000e-02
4.790665730000e+01  3.995128300000e-01
1.558073180000e+01  7.001154700000e-01
P 3 1
2.061578780000e+02  1.559162700000e-01
4.790665730000e+01  6.076837200000e-01
1.558073180000e+01  3.919573900000e-01
S 3 1
1.763999410000e+01 -2.277635000000e-01
5.380760500000e+00  2.175436000000e-01
2.076064700000e+00  9.166769600000e-01
P 3 1
1.763999410000e+01  4.951511200000e-03
5.380760500000e+00  5.777664700000e-01
2.076064700000e+00  4.846460400000e-01
S 3 1
1.214644300000e+00 -3.088441200000e-01
4.482801000000e-01  1.960641200000e-02
1.979652000000e-01  1.131034400000e+00
P 3 1
1.214644300000e+00 -1.215468600000e-01
4.482801000000e-01  5.715227600000e-01
1.979652000000e-01  5.498949500000e-01
D 3 1
1.763999410000e+01  2.197679500000e-01
5.380760500000e+00  6.555473600000e-01
2.076064700000e+00  2.865732600000e-01
@END

@ATOMBASIS BR
S 3 1
2.629997471000e+03  1.543289700000e-01
4.790573224000e+02  5.353281400000e-01
1.296516070000e+02  4.446345400000e-01
S 3 1
2.198350255000e+02 -9.996722900000e-02
5.108493220000e+01  3.995128300000e-01
1.661440550000e+01  7.001154700000e-01
P 3 1
2.198350255000e+02  1.559162700000e-01
5.108493220000e+01  6.076837200000e-01
1.661440550000e+01  3.919573900000e-01
S 3 1
1.950173110000e+01 -2.277635000000e-01
5.948649600000e+00  2.175436000000e-01
2.295173900000e+00  9.166769600000e-01
P 3 1
1.950173110000e+01  4.951511200000e-03
5.948649600000e+00  5.777664700000e-01
2.295173900000e+00  4.846460400000e-01
S 3 1
1.396037500000e+00 -3.088441200000e-01
5.152256000000e-01  1.960641200000e-02
2.275291000000e-01  1.131034400000e+00
P 3 1
1.396037500000e+00 -1.215468600000e-01
5.152256000000e-01  5.715227600000e-01
2.275291000000e-01  5.498949500000e-01
D 3 1
1.950173110000e+01  2.197679500000e-01
5.948649600000e+00  6.555473600000e-01
2.295173900000e+00  2.865732600000e-01
@END

@ATOMBASIS KR
S 3 1
2.782160055000e+03  1.543289700000e-01
5.067739270000e+02  5.353281400000e-01
1.371528019000e+02  4.446345400000e-01
S 3 1
2.339514118000e+02 -9.996722900000e-02
5.436527680000e+01  3.995128300000e-01
1.768127530000e+01  7.001154700000e-01
P 3 1
2.339514118000e+02  1.559162700000e-01
5.436527680000e+01  6.076837200000e-01
1.768127530000e+01  3.919573900000e-01
S 3 1
2.145684670000e+01 -2.277635000000e-01
6.545022200000e+00  2.175436000000e-01
2.525273000000e+00  9.166769600000e-01
P 3 1
2.145684670000e+01  4.951511200000e-03
6.545022200000e+00  5.777664700000e-01
2.525273000000e+00  4.846460400000e-01
S 3 1
1.590049300000e+00 -3.088441200000e-01
5.868282000000e-01  1.960641200000e-02
2.591495000000e-01  1.131034400000e+00
P 3 1
1.590049300000e+00 -1.215468600000e-01
5.868282000000e-01  5.715227600000e-01
2.591495000000e-01  5.498949500000e-01
D 3 1
2.145684670000e+01  2.197679500000e-01
6.545022200000e+00  6.555473600000e-01
2.525273000000e+00  2.865732600000e-01
@END

@ATOMBASIS RB
S 3 1
2.938601529000e+03  1.543289700000e-01
5.352699370000e+02  5.353281400000e-01
1.448649340000e+02  4.446345400000e-01
S 3 1
2.485070370000e+02 -9.996722900000e-02
5.774769100000e+01  3.995128300000e-01
1.878134100000e+01  7.001154700000e-01
P 3 1
2.485070370000e+02  1.559162700000e-01
5.774769100000e+01  6.076837200000e-01
1.878134100000e+01  3.919573900000e-01
S 3 1
2.350534100000e+01 -2.277635000000e-01
7.169878200000e+00  2.175436000000e-01
2.766361900000e+00  9.166769600000e-01
P 3 1
2.350534100000e+01  4.951511100000e-03
7.169878200000e+00  5.777664700000e-01
2.766361900000e+00  4.846460400000e-01
S 3 1
2.247796800000e+00 -3.088441200000e-01
8.295784000000e-01  1.960641200000e-02
3.663506000000e-01  1.131034400000e+00
P 3 1
2.247796800000e+00 -1.215468600000e-01
8.295784000000e-01  5.715227600000e-01
3.663506000000e-01  5.498949500000e-01
S 3 1
4.869940000000e-01 -3.842642600000e-01
2.622162000000e-01 -1.972567400000e-01
1.158255000000e-01  1.375495500000e+00
P 3 1
4.869940000000e-01 -3.481691500000e-01
2.622162000000e-01  6.290323700000e-01
1.158255000000e-01  6.662832700000e-01
D 3 1
2.350534100000e+01  2.197679500000e-01
7.169878200000e+00  6.555473600000e-01
2.766361900000e+00  2.865732600000e-01
@END

@ATOMBASIS SR
S 3 1
3.100983951000e+03  1.543289700000e-01
5.648480978000e+02  5.353281400000e-01
1.528699389000e+02  4.446345400000e-01
S 3 1
2.635019007000e+02 -9.996722900000e-02
6.123217490000e+01  3.995128300000e-01
1.991460370000e+01  7.001154700000e-01
P 3 1
2.635019007000e+02  1.559162700000e-01
6.123217490000e+01  6.076837200000e-01
1.991460370000e+01  3.919573900000e-01
S 3 1
2.557886690000e+01 -2.277635000000e-01
7.802369700000e+00  2.175436000000e-01
3.010396800000e+00  9.166769600000e-01
P 3 1
2.557886690000e+01  4.951511100000e-03
7.802369700000e+00  5.777664700000e-01
3.010396800000e+00  4.846460400000e-01
S 3 1
2.461032400000e+00 -3.088441200000e-01
9.082757000000e-01  1.960641200000e-02
4.011041000000e-01  1.131034400000e+00
P 3 1
2.461032400000e+00 -1.215468600000e-01
9.082757000000e-01  5.715227600000e-01
4.011041000000e-01  5.498949500000e-01
S 3 1
4.370805000000e-01 -3.842642600000e-01
2.353408000000e-01 -1.972567400000e-01
1.039542000000e-01  1.375495500000e+00
P 3 1
4.370805000000e-01 -3.481691500000e-01
2.353408000000e-01  6.290323700000e-01
1.039542000000e-01  6.662832700000e-01
D 3 1
2.557886690000e+01  2.197679500000e-01
7.802369700000e+00  6.555473600000e-01
3.010396800000e+00  2.865732600000e-01
@END

@ATOMBASIS Y
S 3 1
3.266026869000e+03  1.543289700000e-01
5.949108710000e+02  5.353281400000e-01
1.610060990000e+02  4.446345400000e-01
S 3 1
2.779377240000e+02 -9.996722900000e-02
6.458675000000e+01  3.995128300000e-01
2.100561600000e+01  7.001154700000e-01
P 3 1
2.779377240000e+02  1.559162700000e-01
6.458675000000e+01  6.076837200000e-01
2.100561600000e+01  3.919573900000e-01
S 3 1
3.067132600000e+01 -2.277635000000e-01
8.557222000000e+00  2.175436000000e-01
3.349239000000e+00  9.166769600000e-01
P 3 1
3.067132600000e+01  4.951511100000e-03
8.557222000000e+00  5.777664700000e-01
3.349239000000e+00  4.846460400000e-01
S 3 1
2.667688000000e+00 -3.306100600000e-01
9.845440000000e-01  5.761095300000e-02
4.347850000000e-01  1.155787500000e+00
P 3 1
2.667688000000e+00 -1.283927600000e-01
9.845440000000e-01  5.852047600000e-01
4.347850000000e-01  5.439442000000e-01
S 3 1
2.074240000000e-01 -3.842642600000e-01
1.116850000000e-01 -1.972567400000e-01
4.933300000000e-02  1.375495500000e+00
P 3 1
2.074240000000e-01 -3.481691500000e-01
1.116850000000e-01  6.290323700000e-01
4.933300000000e-02  6.662832700000e-01
D 3 1
5.660043000000e+00  2.197679500000e-01
1.774715000000e+00  6.555473600000e-01
6.912950000000e-01  2.865732600000e-01
D 3 1
2.128212000000e+00  1.250662100000e-01
9.625940000000e-01  6.686785600000e-01
4.728610000000e-01  3.052468200000e-01
@END

@ATOMBASIS ZR
S 3 1
3.435348677000e+03  1.543289700000e-01
6.257530498000e+02  5.353281400000e-01
1.693531958000e+02  4.446345400000e-01
S 3 1
2.937830292000e+02 -9.996722900000e-02
6.826885800000e+01  3.995128300000e-01
2.220315140000e+01  7.001154700000e-01
P 3 1
2.937830292000e+02  1.559162700000e-01
6.826885800000e+01  6.076837200000e-01
2.220315140000e+01  3.919573900000e-01
S 3 1
3.073293100000e+01 -2.277635000000e-01
9.374523500000e+00  2.175436000000e-01
3.616982600000e+00  9.166769600000e-01
P 3 1
3.073293100000e+01  4.951511100000e-03
9.374523500000e+00  5.777664700000e-01
3.616982600000e+00  4.846460400000e-01
S 3 1
2.827607800000e+00 -3.306100600000e-01
1.101055800000e+00  5.761095300000e-02
4.846875000000e-01  1.155787500000e+00
P 3 1
2.827607800000e+00 -1.283927600000e-01
1.101055800000e+00  5.852047600000e-01
4.846875000000e-01  5.439442000000e-01
S 3 1
8.878302000000e-01 -3.842642600000e-01
3.457165000000e-01 -1.972567400000e-01
1.521852000000e-01  1.375495500000e+00
P 3 1
8.878302000000e-01 -3.481691500000e-01
3.457165000000e-01  6.290323700000e-01
1.521852000000e-01  6.662832700000e-01
D 3 1
3.073293100000e+01  2.197679500000e-01
9.374523500000e+00  6.555473600000e-01
3.616982600000e+00  2.865732600000e-01
D 3 1
4.869940000000e-01  1.250662100000e-01
2.622162000000e-01  6.686785600000e-01
1.158255000000e-01  3.052468200000e-01
@END

@ATOMBASIS NB
S 3 1
3.610742864000e+03  1.543289700000e-01
6.577013201000e+02  5.353281400000e-01
1.779996445000e+02  4.446345400000e-01
S 3 1
3.100675728000e+02 -9.996722900000e-02
7.205303570000e+01  3.995128300000e-01
2.343388350000e+01  7.001154700000e-01
P 3 1
3.100675728000e+02  1.559162700000e-01
7.205303570000e+01  6.076837200000e-01
2.343388350000e+01  3.919573900000e-01
S 3 1
3.301997860000e+01 -2.277635000000e-01
1.007214590000e+01  2.175436000000e-01
3.886147000000e+00  9.166769600000e-01
P 3 1
3.301997860000e+01  4.951511100000e-03
1.007214590000e+01  5.777664700000e-01
3.886147000000e+00  4.846460400000e-01
S 3 1
3.144798400000e+00 -3.306100600000e-01
1.224568200000e+00  5.761095300000e-02
5.390579000000e-01  1.155787500000e+00
P 3 1
3.144798400000e+00 -1.283927600000e-01
1.224568200000e+00  5.852047600000e-01
5.390579000000e-01  5.439442000000e-01
S 3 1
4.869940000000e-01 -3.842642600000e-01
2.622162000000e-01 -1.972567400000e-01
1.158255000000e-01  1.375495500000e+00
P 3 1
4.869940000000e-01 -3.481691500000e-01
2.622162000000e-01  6.290323700000e-01
1.158255000000e-01  6.662832700000e-01
D 3 1
3.301997860000e+01  2.197679500000e-01
1.007214590000e+01  6.555473600000e-01
3.886147000000e+00  2.865732600000e-01
D 3 1
1.344878900000e+00  1.250662100000e-01
5.236889000000e-01  6.686785600000e-01
2.305291000000e-01  3.052468200000e-01
@END

@ATOMBASIS MO
S 3 1
3.788666115000e+03  1.543289700000e-01
6.901102623000e+02  5.353281400000e-01
1.867707691000e+02  4.446345400000e-01
S 3 1
3.264309567000e+02 -9.996722900000e-02
7.585553420000e+01  3.995128300000e-01
2.467057400000e+01  7.001154700000e-01
P 3 1
3.264309567000e+02  1.559162700000e-01
7.585553420000e+01  6.076837200000e-01
2.467057400000e+01  3.919573900000e-01
S 3 1
3.546948130000e+01 -2.277635000000e-01
1.081932230000e+01  2.175436000000e-01
4.174430900000e+00  9.166769600000e-01
P 3 1
3.546948130000e+01  4.951511100000e-03
1.081932230000e+01  5.777664700000e-01
4.174430900000e+00  4.846460400000e-01
S 3 1
3.496895200000e+00 -3.306100600000e-01
1.361672900000e+00  5.761095300000e-02
5.994117000000e-01  1.155787500000e+00
P 3 1
3.496895200000e+00 -1.283927600000e-01
1.361672900000e+00  5.852047600000e-01
5.994117000000e-01  5.439442000000e-01
S 3 1
5.129625000000e-01 -3.842642600000e-01
2.761986000000e-01 -1.972567400000e-01
1.220018000000e-01  1.375495500000e+00
P 3 1
5.129625000000e-01 -3.481691500000e-01
2.761986000000e-01  6.290323700000e-01
1.220018000000e-01  6.662832700000e-01
D 3 1
3.546948130000e+01  2.197679500000e-01
1.081932230000e+01  6.555473600000e-01
4.174430900000e+00  2.865732600000e-01
D 3 1
1.702112300000e+00  1.250662100000e-01
6.627937000000e-01  6.686785600000e-01
2.917634000000e-01  3.052468200000e-01
@END

@ATOMBASIS TC
S 3 1
3.970868257000e+03  1.543289700000e-01
7.232986098000e+02  5.353281400000e-01
1.957528311000e+02  4.446345400000e-01
S 3 1
3.435846323000e+02 -9.996722900000e-02
7.984167950000e+01  3.995128300000e-01
2.596699220000e+01  7.001154700000e-01
P 3 1
3.435846323000e+02  1.559162700000e-01
7.984167950000e+01  6.076837200000e-01
2.596699220000e+01  3.919573900000e-01
S 3 1
3.808991980000e+01 -2.277635000000e-01
1.161863960000e+01  2.175436000000e-01
4.482832400000e+00  9.166769600000e-01
P 3 1
3.808991980000e+01  4.951511100000e-03
1.161863960000e+01  5.777664700000e-01
4.482832400000e+00  4.846460400000e-01
S 3 1
3.829752700000e+00 -3.306100600000e-01
1.491285900000e+00  5.761095300000e-02
6.564677000000e-01  1.155787500000e+00
P 3 1
3.829752700000e+00 -1.283927600000e-01
1.491285900000e+00  5.852047600000e-01
6.564677000000e-01  5.439442000000e-01
S 3 1
4.617000000000e-01 -3.842642600000e-01
2.485969000000e-01 -1.972567400000e-01
1.098096000000e-01  1.375495500000e+00
P 3 1
4.617000000000e-01 -3.481691500000e-01
2.485969000000e-01  6.290323700000e-01
1.098096000000e-01  6.662832700000e-01
D 3 1
3.808991980000e+01  2.197679500000e-01
1.161863960000e+01  6.555473600000e-01
4.482832400000e+00  2.865732600000e-01
D 3 1
2.101373200000e+00  1.250662100000e-01
8.182638000000e-01  6.686785600000e-01
3.602018000000e-01  3.052468200000e-01
@END

@ATOMBASIS RU
S 3 1
4.159274210000e+03  1.543289700000e-01
7.576169894000e+02  5.353281400000e-01
2.050407239000e+02  4.446345400000e-01
S 3 1
3.607986561000e+02 -9.996722900000e-02
8.384184840000e+01  3.995128300000e-01
2.726797130000e+01  7.001154700000e-01
P 3 1
3.607986561000e+02  1.559162700000e-01
8.384184840000e+01  6.076837200000e-01
2.726797130000e+01  3.919573900000e-01
S 3 1
4.071751680000e+01 -2.277635000000e-01
1.242014040000e+01  2.175436000000e-01
4.792076300000e+00  9.166769600000e-01
P 3 1
4.071751680000e+01  4.951511100000e-03
1.242014040000e+01  5.777664700000e-01
4.792076300000e+00  4.846460400000e-01
S 3 1
4.197516400000e+00 -3.306100600000e-01
1.634491100000e+00  5.761095300000e-02
7.195070000000e-01  1.155787500000e+00
P 3 1
4.197516400000e+00 -1.283927600000e-01
1.634491100000e+00  5.852047600000e-01
7.195070000000e-01  5.439442000000e-01
S 3 1
4.131355000000e-01 -3.842642600000e-01
2.224479000000e-01 -1.972567400000e-01
9.825920000000e-02  1.375495500000e+00
P 3 1
4.131355000000e-01 -3.481691500000e-01
2.224479000000e-01  6.290323700000e-01
9.825920000000e-02  6.662832700000e-01
D 3 1
4.071751680000e+01  2.197679500000e-01
1.242014040000e+01  6.555473600000e-01
4.792076300000e+00  2.865732600000e-01
D 3 1
2.390895800000e+00  1.250662100000e-01
9.310024000000e-01  6.686785600000e-01
4.098296000000e-01  3.052468200000e-01
@END

@ATOMBASIS RH
S 3 1
4.350077794000e+03  1.543289700000e-01
7.923721005000e+02  5.353281400000e-01
2.144468133000e+02  4.446345400000e-01
S 3 1
3.784334264000e+02 -9.996722900000e-02
8.793978980000e+01  3.995128300000e-01
2.860074900000e+01  7.001154700000e-01
P 3 1
3.784334264000e+02  1.559162700000e-01
8.793978980000e+01  6.076837200000e-01
2.860074900000e+01  3.919573900000e-01
S 3 1
4.352179460000e+01 -2.277635000000e-01
1.327553450000e+01  2.175436000000e-01
5.122113900000e+00  9.166769600000e-01
P 3 1
4.352179460000e+01  4.951511100000e-03
1.327553450000e+01  5.777664700000e-01
5.122113900000e+00  4.846460400000e-01
S 3 1
4.540857400000e+00 -3.306100600000e-01
1.768186300000e+00  5.761095300000e-02
7.783600000000e-01  1.155787500000e+00
P 3 1
4.540857400000e+00 -1.283927600000e-01
1.768186300000e+00  5.852047600000e-01
7.783600000000e-01  5.439442000000e-01
S 3 1
4.131355000000e-01 -3.842642600000e-01
2.224479000000e-01 -1.972567400000e-01
9.825920000000e-02  1.375495500000e+00
P 3 1
4.131355000000e-01 -3.481691500000e-01
2.224479000000e-01  6.290323700000e-01
9.825920000000e-02  6.662832700000e-01
D 3 1
4.352179460000e+01  2.197679500000e-01
1.327553450000e+01  6.555473600000e-01
5.122113900000e+00  2.865732600000e-01
D 3 1
2.779066100000e+00  1.250662100000e-01
1.082153900000e+00  6.686785600000e-01
4.763668000000e-01  3.052468200000e-01
@END

@ATOMBASIS PD
S 3 1
4.545160269000e+03  1.543289700000e-01
8.279066168000e+02  5.353281400000e-01
2.240638402000e+02  4.446345400000e-01
S 3 1
3.964889433000e+02 -9.996722900000e-02
9.213550370000e+01  3.995128300000e-01
2.996532540000e+01  7.001154700000e-01
P 3 1
3.964889433000e+02  1.559162700000e-01
9.213550370000e+01  6.076837200000e-01
2.996532540000e+01  3.919573900000e-01
S 3 1
4.641945100000e+01 -2.277635000000e-01
1.415941210000e+01  2.175436000000e-01
5.463141400000e+00  9.166769600000e-01
P 3 1
4.641945100000e+01  4.951511100000e-03
1.415941210000e+01  5.777664700000e-01
5.463141400000e+00  4.846460400000e-01
S 3 1
4.919104600000e+00 -3.306100600000e-01
1.915473800000e+00  5.761095300000e-02
8.431963000000e-01  1.155787500000e+00
P 3 1
4.919104600000e+00 -1.283927600000e-01
1.915473800000e+00  5.852047600000e-01
8.431963000000e-01  5.439442000000e-01
S 3 1
4.370805000000e-01 -3.842642600000e-01
2.353408000000e-01 -1.972567400000e-01
1.039542000000e-01  1.375495500000e+00
P 3 1
4.370805000000e-01 -3.481691500000e-01
2.353408000000e-01  6.290323700000e-01
1.039542000000e-01  6.662832700000e-01
D 3 1
4.641945100000e+01  2.197679500000e-01
1.415941210000e+01  6.555473600000e-01
5.463141400000e+00  2.865732600000e-01
D 3 1
3.025977400000e+00  1.250662100000e-01
1.178299900000e+00  6.686785600000e-01
5.186905000000e-01  3.052468200000e-01
@END

@ATOMBASIS AG
S 3 1
4.744521634000e+03  1.543289700000e-01
8.642205383000e+02  5.353281400000e-01
2.338918045000e+02  4.446345400000e-01
S 3 1
4.149652069000e+02 -9.996722900000e-02
9.642899000000e+01  3.995128300000e-01
3.136170030000e+01  7.001154700000e-01
P 3 1
4.149652069000e+02  1.559162700000e-01
9.642899000000e+01  6.076837200000e-01
3.136170030000e+01  3.919573900000e-01
S 3 1
4.941048610000e+01 -2.277635000000e-01
1.507177310000e+01  2.175436000000e-01
5.815158600000e+00  9.166769600000e-01
P 3 1
4.941048610000e+01  4.951511100000e-03
1.507177310000e+01  5.777664700000e-01
5.815158600000e+00  4.846460400000e-01
S 3 1
5.290230500000e+00 -3.306100600000e-01
2.059988300000e+00  5.761095300000e-02
9.068119000000e-01  1.155787500000e+00
P 3 1
5.290230500000e+00 -1.283927600000e-01
2.059988300000e+00  5.852047600000e-01
9.068119000000e-01  5.439442000000e-01
S 3 1
4.370805000000e-01 -3.842642600000e-01
2.353408000000e-01 -1.972567400000e-01
1.039542000000e-01  1.375495500000e+00
P 3 1
4.370805000000e-01 -3.481691500000e-01
2.353408000000e-01  6.290323700000e-01
1.039542000000e-01  6.662832700000e-01
D 3 1
4.941048610000e+01  2.197679500000e-01
1.507177310000e+01  6.555473600000e-01
5.815158600000e+00  2.865732600000e-01
D 3 1
3.283395700000e+00  1.250662100000e-01
1.278537300000e+00  6.686785600000e-01
5.628152000000e-01  3.052468200000e-01
@END

@ATOMBASIS CD
S 3 1
4.950261905000e+03  1.543289700000e-01
9.016963856000e+02  5.353281400000e-01
2.440342313000e+02  4.446345400000e-01
S 3 1
4.334469385000e+02 -9.996722900000e-02
1.007237469000e+02  3.995128300000e-01
3.275848860000e+01  7.001154700000e-01
P 3 1
4.334469385000e+02  1.559162700000e-01
1.007237469000e+02  6.076837200000e-01
3.275848860000e+01  3.919573900000e-01
S 3 1
5.259279240000e+01 -2.277635000000e-01
1.604247800000e+01  2.175436000000e-01
6.189686700000e+00  9.166769600000e-01
P 3 1
5.259279240000e+01  4.951511100000e-03
1.604247800000e+01  5.777664700000e-01
6.189686700000e+00  4.846460400000e-01
S 3 1
5.674851800000e+00 -3.306100600000e-01
2.209757900000e+00  5.761095300000e-02
9.727409000000e-01  1.155787500000e+00
P 3 1
5.674851800000e+00 -1.283927600000e-01
2.209757900000e+00  5.852047600000e-01
9.727409000000e-01  5.439442000000e-01
S 3 1
5.949151000000e-01 -3.842642600000e-01
3.203250000000e-01 -1.972567400000e-01
1.414932000000e-01  1.375495500000e+00
P 3 1
5.949151000000e-01 -3.481691500000e-01
3.203250000000e-01  6.290323700000e-01
1.414932000000e-01  6.662832700000e-01
D 3 1
5.259279240000e+01  2.197679500000e-01
1.604247800000e+01  6.555473600000e-01
6.189686700000e+00  2.865732600000e-01
D 3 1
3.642964000000e+00  1.250662100000e-01
1.418551300000e+00  6.686785600000e-01
6.244498000000e-01  3.052468200000e-01
@END

@ATOMBASIS IN
S 3 1
5.158224714000e+03  1.543289700000e-01
9.395770707000e+02  5.353281400000e-01
2.542862231000e+02  4.446345400000e-01
S 3 1
4.523313223000e+02 -9.996722900000e-02
1.051120716000e+02  3.995128300000e-01
3.418570800000e+01  7.001154700000e-01
P 3 1
4.523313223000e+02  1.559162700000e-01
1.051120716000e+02  6.076837200000e-01
3.418570800000e+01  3.919573900000e-01
S 3 1
5.597539770000e+01 -2.277635000000e-01
1.707428040000e+01  2.175436000000e-01
6.587788200000e+00  9.166769600000e-01
P 3 1
5.597539770000e+01  4.951511200000e-03
1.707428040000e+01  5.777664700000e-01
6.587788200000e+00  4.846460400000e-01
S 3 1
5.048549200000e+00 -3.306100600000e-01
1.965878900000e+00  5.761095300000e-02
8.653847000000e-01  1.115578700000e+00
P 3 1
5.048549200000e+00 -1.283927600000e-01
1.965878900000e+00  5.852047600000e-01
8.653847000000e-01  5.439442000000e-01
S 3 1
5.669231000000e-01 -3.842642600000e-01
3.052530000000e-01 -1.972567400000e-01
1.348356000000e-01  1.375495500000e+00
P 3 1
5.669231000000e-01 -3.481691500000e-01
3.052530000000e-01  6.290323700000e-01
1.348356000000e-01  6.662832700000e-01
D 3 1
5.597539770000e+01  2.197679500000e-01
1.707428040000e+01  6.555473600000e-01
6.587788200000e+00  2.865732600000e-01
D 3 1
5.048549200000e+00  1.250662100000e-01
1.965878900000e+00  6.686785600000e-01
8.653847000000e-01  3.052468200000e-01
@END

@ATOMBASIS SN
S 3 1
5.370466413000e+03  1.543289700000e-01
9.782371611000e+02  5.353281400000e-01
2.647491522000e+02  4.446345400000e-01
S 3 1
4.720515322000e+02 -9.996722900000e-02
1.096946243000e+02  3.995128300000e-01
3.567609640000e+01  7.001154700000e-01
P 3 1
4.720515322000e+02  1.559162700000e-01
1.096946243000e+02  6.076837200000e-01
3.567609640000e+01  3.919573900000e-01
S 3 1
5.915141190000e+01 -2.277635000000e-01
1.804306600000e+01  2.175436000000e-01
6.961575800000e+00  9.166769600000e-01
P 3 1
5.915141190000e+01  4.951511200000e-03
1.804306600000e+01  5.777664700000e-01
6.961575800000e+00  4.846460400000e-01
S 3 1
5.583138500000e+00 -3.306100600000e-01
2.174045200000e+00  5.761095300000e-02
9.570201000000e-01  1.115578700000e+00
P 3 1
5.583138500000e+00 -1.283927600000e-01
2.174045200000e+00  5.852047600000e-01
9.570201000000e-01  5.439442000000e-01
S 3 1
6.235816000000e-01 -3.842642600000e-01
3.357602000000e-01 -1.972567400000e-01
1.483112000000e-01  1.375495500000e+00
P 3 1
6.235816000000e-01 -3.481691500000e-01
3.357602000000e-01  6.290323700000e-01
1.483112000000e-01  6.662832700000e-01
D 3 1
5.915141190000e+01  2.197679500000e-01
1.804306600000e+01  6.555473600000e-01
6.961575800000e+00  2.865732600000e-01
D 3 1
5.583138500000e+00  1.250662100000e-01
2.174045200000e+00  6.686785600000e-01
9.570201000000e-01  3.052468200000e-01
@END

@ATOMBASIS SB
S 3 1
5.586987002000e+03  1.543289700000e-01
1.017676657000e+03  5.353281400000e-01
2.754230189000e+02  4.446345400000e-01
S 3 1
4.921924888000e+02 -9.996722900000e-02
1.143749494000e+02  3.995128300000e-01
3.719828340000e+01  7.001154700000e-01
P 3 1
4.921924888000e+02  1.559162700000e-01
1.143749494000e+02  6.076837200000e-01
3.719828340000e+01  3.919573900000e-01
S 3 1
6.252179770000e+01 -2.277635000000e-01
1.907114110000e+01  2.175436000000e-01
7.358239100000e+00  9.166769600000e-01
P 3 1
6.252179770000e+01  4.951511200000e-03
1.907114110000e+01  5.777664700000e-01
7.358239100000e+00  4.846460400000e-01
S 3 1
6.120693100000e+00 -3.306100600000e-01
2.383366200000e+00  5.761095300000e-02
1.049163700000e+00  1.115578700000e+00
P 3 1
6.120693100000e+00 -1.283927600000e-01
2.383366200000e+00  5.852047600000e-01
1.049163700000e+00  5.439442000000e-01
S 3 1
6.529227000000e-01 -3.842642600000e-01
3.515585000000e-01 -1.972567400000e-01
1.552896000000e-01  1.375495500000e+00
P 3 1
6.529227000000e-01 -3.481691500000e-01
3.515585000000e-01  6.290323700000e-01
1.552896000000e-01  6.662832700000e-01
D 3 1
6.252179770000e+01  2.197679500000e-01
1.907114110000e+01  6.555473600000e-01
7.358239100000e+00  2.865732600000e-01
D 3 1
6.120693100000e+00  1.250662100000e-01
2.383366200000e+00  6.686785600000e-01
1.049163700000e+00  3.052468200000e-01
@END

@ATOMBASIS TE
S 3 1
5.810061591000e+03  1.543289700000e-01
1.058309972000e+03  5.353281400000e-01
2.864199797000e+02  4.446345400000e-01
S 3 1
5.127541920000e+02 -9.996722900000e-02
1.191530471000e+02  3.995128300000e-01
3.875226900000e+01  7.001154700000e-01
P 3 1
5.127541920000e+02  1.559162700000e-01
1.191530471000e+02  6.076837200000e-01
3.875226900000e+01  3.919573900000e-01
S 3 1
6.598556230000e+01 -2.277635000000e-01
2.012769970000e+01  2.175436000000e-01
7.765892300000e+00  9.166769600000e-01
P 3 1
6.598556230000e+01  4.951511200000e-03
2.012769970000e+01  5.777664700000e-01
7.765892300000e+00  4.846460400000e-01
S 3 1
6.707956900000e+00 -3.306100600000e-01
2.612043700000e+00  5.761095300000e-02
1.149828000000e+00  1.115578700000e+00
P 3 1
6.707956900000e+00 -1.283927600000e-01
2.612043700000e+00  5.852047600000e-01
1.149828000000e+00  5.439442000000e-01
S 3 1
7.012713000000e-01 -3.842642600000e-01
3.775913000000e-01 -1.972567400000e-01
1.667887000000e-01  1.375495500000e+00
P 3 1
7.012713000000e-01 -3.481691500000e-01
3.775913000000e-01  6.290323700000e-01
1.667887000000e-01  6.662832700000e-01
D 3 1
6.598556230000e+01  2.197679500000e-01
2.012769970000e+01  6.555473600000e-01
7.765892300000e+00  2.865732600000e-01
D 3 1
6.707956900000e+00  1.250662100000e-01
2.612043700000e+00  6.686785600000e-01
1.149828000000e+00  3.052468200000e-01
@END

@ATOMBASIS I
S 3 1
6.035183623000e+03  1.543289700000e-01
1.099316231000e+03  5.353281400000e-01
2.975178737000e+02  4.446345400000e-01
S 3 1
5.337366418000e+02 -9.996722900000e-02
1.240289171000e+02  3.995128300000e-01
4.033805330000e+01  7.001154700000e-01
P 3 1
5.337366418000e+02  1.559162700000e-01
1.240289171000e+02  6.076837200000e-01
4.033805330000e+01  3.919573900000e-01
S 3 1
6.954270540000e+01 -2.277635000000e-01
2.121274170000e+01  2.175436000000e-01
8.184535200000e+00  9.166769600000e-01
P 3 1
6.954270540000e+01  4.951511200000e-03
2.121274170000e+01  5.777664700000e-01
8.184535200000e+00  4.846460400000e-01
S 3 1
7.295991200000e+00 -3.306100600000e-01
2.841021200000e+00  5.761095300000e-02
1.250624500000e+00  1.115578700000e+00
P 3 1
7.295991200000e+00 -1.283927600000e-01
2.841021200000e+00  5.852047600000e-01
1.250624500000e+00  5.439442000000e-01
S 3 1
7.900365000000e-01 -3.842642600000e-01
4.253858000000e-01 -1.972567400000e-01
1.879004000000e-01  1.375495500000e+00
P 3 1
7.900365000000e-01 -3.481691500000e-01
4.253858000000e-01  6.290323700000e-01
1.879004000000e-01  6.662832700000e-01
D 3 1
6.954270540000e+01  2.197679500000e-01
2.121274170000e+01  6.555473600000e-01
8.184535200000e+00  2.865732600000e-01
D 3 1
7.295991200000e+00  1.250662100000e-01
2.841021200000e+00  6.686785600000e-01
1.250624500000e+00  3.052468200000e-01
@END
6c48b3f6efefb692bfe7efb311c45480