@BASIS_SET STO-3G*

@ATOMBASIS NA
S 3 1
2.507724300000e+02  1.543289700000e-01
4.567851100000e+01  5.353281400000e-01
1.236238800000e+01  4.446345400000e-01
S 3 1
1.204019300000e+01 -9.996722900000e-02
2.797881900000e+00  3.995128300000e-01
9.099580000000e-01  7.001154700000e-01
P 3 1
1.204019300000e+01  1.559162700000e-01
2.797881900000e+00  6.076837200000e-01
9.099580000000e-01  3.919573900000e-01
S 3 1
1.478740600000e+00 -2.196203700000e-01
4.125649000000e-01  2.255954300000e-01
1.614751000000e-01  9.003984300000e-01
P 3 1
1.478740600000e+00  1.058760400000e-02
4.125649000000e-01  5.951670100000e-01
1.614751000000e-01  4.620010100000e-01
D 1 1
9.000000000000e-02  1.000000000000e+00
@END

@ATOMBASIS MG
S 3 1
2.992374000000e+02  1.543289700000e-01
5.450647000000e+01  5.353281400000e-01
1.475158000000e+01  4.446345400000e-01
S 3 1
1.512182000000e+01 -9.996722900000e-02
3.513987000000e+00  3.995128300000e-01
1.142857000000e+00  7.001154700000e-01
P 3 1
1.512182000000e+01  1.559162700000e-01
3.513987000000e+00  6.076837200000e-01
1.142857000000e+00  3.919573900000e-01
S 3 1
1.395448000000e+00 -2.196203700000e-01
3.893260000000e-01  2.255954300000e-01
1.523800000000e-01  9.003984300000e-01
P 3 1
1.395448000000e+00  1.058760400000e-02
3.893260000000e-01  5.951670100000e-01
1.523800000000e-01  4.620010100000e-01
D 1 1
9.000000000000e-02  1.000000000000e+00
@END

@ATOMBASIS AL
S 3 1
3.514214767000e+02  1.543289700000e-01
6.401186070000e+01  5.353281400000e-01
1.732410760000e+01  4.446345400000e-01
S 3 1
1.889939620000e+01 -9.996722900000e-02
4.391813200000e+00  3.995128300000e-01
1.428354000000e+00  7.001154700000e-01
P 3 1
1.889939620000e+01  1.559162700000e-01
4.391813200000e+00  6.076837200000e-01
1.428354000000e+00  3.919573900000e-01
S 3 1
1.395448300000e+00 -2.196203700000e-01
3.893265000000e-01  2.255954300000e-01
1.523798000000e-01  9.003984300000e-01
P 3 1
1.395448300000e+00  1.058760400000e-02
3.893265000000e-01  5.951670100000e-01
1.523798000000e-01  4.620010100000e-01
D 1 1
3.900000000000e-01  1.000000000000e+00
@END

@ATOMBASIS SI
S 3 1
4.077975514000e+02  1.543289700000e-01
7.428083300000e+01  5.353281400000e-01
2.010329230000e+01  4.446345400000e-01
S 3 1
2.319365610000e+01 -9.996722900000e-02
5.389706900000e+00  3.995128300000e-01
1.752900000000e+00  7.001154700000e-01
P 3 1
2.319365610000e+01  1.559162700000e-01
5.389706900000e+00  6.076837200000e-01
1.752900000000e+00  3.919573900000e-01
S 3 1
1.478740600000e+00 -2.196203700000e-01
4.125649000000e-01  2.255954300000e-01
1.614751000000e-01  9.003984300000e-01
P 3 1
1.478740600000e+00  1.058760400000e-02
4.125649000000e-01  5.951670100000e-01
1.614751000000e-01  4.620010100000e-01
D 1 1
3.900000000000e-01  1.000000000000e+00
@END

@ATOMBASIS P
S 3 1
4.683656378000e+02  1.543289700000e-01
8.531338560000e+01  5.353281400000e-01
2.308913160000e+01  4.446345400000e-01
S 3 1
2.803263960000e+01 -9.996722900000e-02
6.514182600000e+00  3.995128300000e-01
2.118614400000e+00  7.001154700000e-01
P 3 1
2.803263960000e+01  1.559162700000e-01
6.514182600000e+00  6.076837200000e-01
2.118614400000e+00  3.919573900000e-01
S 3 1
1.743103200000e+00 -2.196203700000e-01
4.863214000000e-01  2.255954300000e-01
1.903429000000e-01  9.003984300000e-01
P 3 1
1.743103200000e+00  1.058760400000e-02
4.863214000000e-01  5.951670100000e-01
1.903429000000e-01  4.620010100000e-01
D 1 1
3.900000000000e-01  1.000000000000e+00
@END

@ATOMBASIS S
S 3 1
5.331257359000e+02  1.543289700000e-01
9.710951830000e+01  5.353281400000e-01
2.628162540000e+01  4.446345400000e-01
S 3 1
3.332975170000e+01 -9.996722900000e-02
7.745117500000e+00  3.995128300000e-01
2.518952600000e+00  7.001154700000e-01
P 3 1
3.332975170000e+01  1.559162700000e-01
7.745117500000e+00  6.076837200000e-01
2.518952600000e+00  3.919573900000e-01
S 3 1
2.029194300000e+00 -2.196203700000e-01
5.661401000000e-01  2.255954300000e-01
2.215834000000e-01  9.003984300000e-01
P 3 1
2.029194300000e+00  1.058760400000e-02
5.661401000000e-01  5.951670100000e-01
2.215834000000e-01  4.620010100000e-01
D 1 1
3.900000000000e-01  1.000000000000e+00
@END

@ATOMBASIS CL
S 3 1
6.013456136000e+02  1.543289700000e-01
1.095358542000e+02  5.353281400000e-01
2.964467690000e+01  4.446345400000e-01
S 3 1
3.896041890000e+01 -9.996722900000e-02
9.053563500000e+00  3.995128300000e-01
2.944499800000e+00  7.001154700000e-01
P 3 1
3.896041890000e+01  1.559162700000e-01
9.053563500000e+00  6.076837200000e-01
2.944499800000e+00  3.919573900000e-01
S 3 1
2.129386500000e+00 -2.196203700000e-01
5.940934000000e-01  2.255954300000e-01
2.325241000000e-01  9.003984300000e-01
P 3 1
2.129386500000e+00  1.058760400000e-02
5.940934000000e-01  5.951670100000e-01
2.325241000000e-01  4.620010100000e-01
D 1 1
3.900000000000e-01  1.000000000000e+00
@END

@ATOMBASIS AR
S 3 1
6.744465184000e+02  1.543289700000e-01
1.228512753000e+02  5.353281400000e-01
3.324834940000e+01  4.446345400000e-01
S 3 1
4.516424390000e+01 -9.996722900000e-02
1.049519900000e+01  3.995128300000e-01
3.413364400000e+00  7.001154700000e-01
P 3 1
4.516424390000e+01  1.559162700000e-01
1.049519900000e+01  6.076837200000e-01
3.413364400000e+00  3.919573900000e-01
S 3 1
2.621366500000e+00 -2.196203700000e-01
7.313546000000e-01  2.255954300000e-01
2.862472000000e-01  9.003984300000e-01
P 3 1
2.621366500000e+00  1.058760400000e-02
7.313546000000e-01  5.951670100000e-01
2.862472000000e-01  4.620010100000e-01
D 1 1
3.900000000000e-01  1.000000000000e+00
@END
9252dcee82ae8e35e5a0de4b2568875a