@BASIS_SET STO-2G

@ATOMBASIS H
S 2 1
1.309756400000e+00  4.301285000000e-01
2.331360000000e-01  6.789135300000e-01
@END

@ATOMBASIS HE
S 2 1
2.432879000000e+00  4.301280000000e-01
4.330510000000e-01  6.789140000000e-01
@END

@ATOMBASIS LI
S 2 1
6.163845000000e+00  4.301280000000e-01
1.097161000000e+00  6.789140000000e-01
S 2 1
2.459160000000e-01  4.947200000000e-02
6.237100000000e-02  9.637820000000e-01
P 2 1
2.459160000000e-01  5.115410000000e-01
6.237100000000e-02  6.128200000000e-01
@END

@ATOMBASIS BE
S 2 1
1.153566900000e+01  4.301280000000e-01
2.053343000000e+00  6.789140000000e-01
S 2 1
5.081630000000e-01  4.947200000000e-02
1.288840000000e-01  9.637820000000e-01
P 2 1
5.081630000000e-01  5.115410000000e-01
1.288840000000e-01  6.128200000000e-01
@END

@ATOMBASIS B
S 2 1
1.865687300000e+01  4.301280000000e-01
3.320914000000e+00  6.789140000000e-01
S 2 1
8.645500000000e-01  4.947200000000e-02
2.192730000000e-01  9.637820000000e-01
P 2 1
8.645500000000e-01  5.115410000000e-01
2.192730000000e-01  6.128200000000e-01
@END

@ATOMBASIS C
S 2 1
2.738503300000e+01  4.301285000000e-01
4.874522100000e+00  6.789135300000e-01
S 2 1
1.136748200000e+00  4.947176900000e-02
2.883094000000e-01  9.637824100000e-01
P 2 1
1.136748200000e+00  5.115407100000e-01
2.883094000000e-01  6.128199000000e-01
@END

@ATOMBASIS N
S 2 1
3.789647500000e+01  4.301280000000e-01
6.745554000000e+00  6.789140000000e-01
S 2 1
1.461089000000e+00  4.947200000000e-02
3.705710000000e-01  9.637820000000e-01
P 2 1
1.461089000000e+00  5.115410000000e-01
3.705710000000e-01  6.128200000000e-01
@END

@ATOMBASIS O
S 2 1
4.998097100000e+01  4.301280000000e-01
8.896588000000e+00  6.789140000000e-01
S 2 1
1.945237000000e+00  4.947200000000e-02
4.933630000000e-01  9.637820000000e-01
P 2 1
1.945237000000e+00  5.115410000000e-01
4.933630000000e-01  6.128200000000e-01
@END

@ATOMBASIS F
S 2 1
6.373520200000e+01  4.301280000000e-01
1.134483400000e+01  6.789140000000e-01
S 2 1
2.498548000000e+00  4.947200000000e-02
6.336980000000e-01  9.637820000000e-01
P 2 1
2.498548000000e+00  5.115410000000e-01
6.336980000000e-01  6.128200000000e-01
@END

@ATOMBASIS NE
S 2 1
7.915916800000e+01  4.301280000000e-01
1.409029200000e+01  6.789140000000e-01
S 2 1
3.187076000000e+00  4.947200000000e-02
8.083270000000e-01  9.637820000000e-01
P 2 1
3.187076000000e+00  5.115410000000e-01
8.083270000000e-01  6.128200000000e-01
@END

@ATOMBASIS NA
S 2 1
9.589101600000e+01  4.301280000000e-01
1.706855200000e+01  6.789140000000e-01
S 2 1
4.653352000000e+00  4.947200000000e-02
1.180213000000e+00  9.637820000000e-01
P 2 1
4.653352000000e+00  5.115410000000e-01
1.180213000000e+00  6.128200000000e-01
S 2 1
2.840050000000e-01 -2.983990000000e-01
9.743900000000e-02  1.227983000000e+00
P 2 1
2.840050000000e-01  3.480470000000e-01
9.743900000000e-02  7.222520000000e-01
@END

@ATOMBASIS MG
S 2 1
1.144231830000e+02  4.301280000000e-01
2.036726900000e+01  6.789140000000e-01
S 2 1
5.844355000000e+00  4.947200000000e-02
1.482283000000e+00  9.637820000000e-01
P 2 1
5.844355000000e+00  5.115410000000e-01
1.482283000000e+00  6.128200000000e-01
S 2 1
3.178150000000e-01 -2.983990000000e-01
1.090390000000e-01  1.227983000000e+00
P 2 1
3.178150000000e-01  3.480470000000e-01
1.090390000000e-01  7.222520000000e-01
@END

@ATOMBASIS AL
S 2 1
1.343774610000e+02  4.301280000000e-01
2.391912000000e+01  6.789140000000e-01
S 2 1
7.304330000000e+00  4.947200000000e-02
1.852571000000e+00  9.637820000000e-01
P 2 1
7.304330000000e+00  5.115410000000e-01
1.852571000000e+00  6.128200000000e-01
S 2 1
3.747870000000e-01 -2.983990000000e-01
1.285860000000e-01  1.227983000000e+00
P 2 1
3.747870000000e-01  3.480470000000e-01
1.285860000000e-01  7.222520000000e-01
@END

@ATOMBASIS SI
S 2 1
1.559346910000e+02  4.301280000000e-01
2.775629600000e+01  6.789140000000e-01
S 2 1
8.963996000000e+00  4.947200000000e-02
2.273506000000e+00  9.637820000000e-01
P 2 1
8.963996000000e+00  5.115410000000e-01
2.273506000000e+00  6.128200000000e-01
S 2 1
4.660350000000e-01 -2.983990000000e-01
1.598920000000e-01  1.227983000000e+00
P 2 1
4.660350000000e-01  3.480470000000e-01
1.598920000000e-01  7.222520000000e-01
@END

@ATOMBASIS P
S 2 1
1.790948740000e+02  4.301280000000e-01
3.187879700000e+01  6.789140000000e-01
S 2 1
1.083418900000e+01  4.947200000000e-02
2.747837000000e+00  9.637820000000e-01
P 2 1
1.083418900000e+01  5.115410000000e-01
2.747837000000e+00  6.128200000000e-01
S 2 1
5.872910000000e-01 -2.983990000000e-01
2.014940000000e-01  1.227983000000e+00
P 2 1
5.872910000000e-01  3.480470000000e-01
2.014940000000e-01  7.222520000000e-01
@END

@ATOMBASIS S
S 2 1
2.038580090000e+02  4.301280000000e-01
3.628662300000e+01  6.789140000000e-01
S 2 1
1.288144300000e+01  4.947200000000e-02
3.267074000000e+00  9.637820000000e-01
P 2 1
1.288144300000e+01  5.115410000000e-01
3.267074000000e+00  6.128200000000e-01
S 2 1
7.225530000000e-01 -2.983990000000e-01
2.479010000000e-01  1.227983000000e+00
P 2 1
7.225530000000e-01  3.480470000000e-01
2.479010000000e-01  7.222520000000e-01
@END

@ATOMBASIS CL
S 2 1
2.299441040000e+02  4.301280000000e-01
4.092993500000e+01  6.789140000000e-01
S 2 1
1.505761000000e+01  4.947200000000e-02
3.819008000000e+00  9.637820000000e-01
P 2 1
1.505761000000e+01  5.115410000000e-01
3.819008000000e+00  6.128200000000e-01
S 2 1
8.883460000000e-01 -2.983990000000e-01
3.047830000000e-01  1.227983000000e+00
P 2 1
8.883460000000e-01  3.480470000000e-01
3.047830000000e-01  7.222520000000e-01
@END

@ATOMBASIS AR
S 2 1
2.578966190000e+02  4.301280000000e-01
4.590546800000e+01  6.789140000000e-01
S 2 1
1.745529400000e+01  4.947200000000e-02
4.427124000000e+00  9.637820000000e-01
P 2 1
1.745529400000e+01  5.115410000000e-01
4.427124000000e+00  6.128200000000e-01
S 2 1
1.053093000000e+00 -2.983990000000e-01
3.613060000000e-01  1.227983000000e+00
P 2 1
1.053093000000e+00  3.480470000000e-01
3.613060000000e-01  7.222520000000e-01
@END

@ATOMBASIS K
S 2 1
2.950121465000e+02  4.301285000000e-01
5.251201340000e+01  6.789135300000e-01
S 2 1
2.025259240000e+01  4.947176900000e-02
5.136592200000e+00  9.637824100000e-01
P 2 1
2.025259240000e+01  5.115407100000e-01
5.136592200000e+00  6.128199000000e-01
S 2 1
1.466966500000e+00 -2.983986000000e-01
5.033015000000e-01  1.227982900000e+00
P 2 1
1.466966500000e+00  3.480471900000e-01
5.033015000000e-01  7.222523200000e-01
S 2 1
2.540481000000e-01 -6.615603000000e-01
1.022398000000e-01  1.510754100000e+00
P 2 1
2.540481000000e-01  1.309890500000e-01
1.022398000000e-01  8.946431300000e-01
@END

@ATOMBASIS CA
S 2 1
3.265671727000e+02  4.301285000000e-01
5.812879210000e+01  6.789135300000e-01
S 2 1
2.301915100000e+01  4.947176900000e-02
5.838264500000e+00  9.637824100000e-01
P 2 1
2.301915100000e+01  5.115407100000e-01
5.838264500000e+00  6.128199000000e-01
S 2 1
1.757469500000e+00 -2.983986000000e-01
6.029702000000e-01  1.227982900000e+00
P 2 1
1.757469500000e+00  3.480471900000e-01
6.029702000000e-01  7.222523200000e-01
S 2 1
2.297850000000e-01 -6.615603000000e-01
9.247530000000e-02  1.510754100000e+00
P 2 1
2.297850000000e-01  1.309890500000e-01
9.247530000000e-02  8.946431300000e-01
@END

@ATOMBASIS SR
S 2 1
1.185762330000e+03  4.301285000000e-01
2.110650970000e+02  6.789135300000e-01
S 2 1
1.018394821000e+02  4.947176900000e-02
2.582918180000e+01  9.637824100000e-01
P 2 1
1.018394821000e+02  5.115407100000e-01
2.582918180000e+01  6.128199000000e-01
S 2 1
1.254411160000e+01 -3.121717000000e-01
3.879732000000e+00  1.225398400000e+00
P 2 1
1.254411160000e+01  2.940025200000e-01
3.879732000000e+00  7.800415900000e-01
S 2 1
1.240561000000e+00 -6.615603000000e-01
4.992547000000e-01  1.510754100000e+00
P 2 1
1.240561000000e+00  1.309890500000e-01
4.992547000000e-01  8.946431300000e-01
S 2 1
2.632281000000e-01 -1.093689800000e+00
1.273435000000e-01  1.881374700000e+00
P 2 1
2.632281000000e-01 -1.047403500000e-01
1.273435000000e-01  1.087626800000e+00
D 2 1
1.254411160000e+01  6.006042500000e-01
3.879732000000e+00  5.292040600000e-01
@END
a6d65a754ff819e76c6af34c4f97598c